"Source File";"240425C\Trend1.trd";"Date";"04/25/24";"Output";"D:\RespirationData\240425C_new.txt";"Start";"16:05:50";"Stop";"17:24:37"
"Saba_20241023"
"Time";"Resp Rate";"Temp 1"
"Seconds";"Resp/m";"°C"
1;0;28.0
2;0;28.0
3;0;28.0
4;40;27.9
5;47;27.9
6;47;27.8
7;47;27.8
8;47;27.8
9;47;27.7
10;47;27.7
11;0;27.7
12;0;27.7
13;34;27.7
14;34;27.7
15;33;27.7
16;33;27.7
17;33;27.7
18;33;27.7
19;33;27.7
20;33;27.7
21;32;27.7
22;32;27.7
23;32;27.7
24;32;27.7
25;30;27.7
26;30;27.7
27;29;27.7
28;29;27.7
29;29;27.7
30;28;27.7
31;28;27.7
32;28;27.7
33;28;27.7
34;27;27.7
35;27;27.7
36;27;27.7
37;26;27.7
38;26;27.7
39;26;27.7
40;26;27.7
41;26;27.7
42;26;27.7
43;26;27.7
44;25;27.7
45;25;27.7
46;24;27.7
47;24;27.7
48;22;27.7
49;22;27.8
50;21;27.7
51;21;27.8
52;21;27.8
53;21;27.8
54;21;27.8
55;21;27.8
56;23;27.8
57;23;27.8
58;24;27.8
59;24;27.8
60;26;27.8
61;26;27.8
62;27;27.8
63;27;27.8
64;28;27.8
65;28;27.8
66;28;27.8
67;28;27.8
68;29;27.8
69;29;27.8
70;29;27.8
71;30;27.8
72;30;27.8
73;31;27.8
74;31;27.8
75;35;27.8
76;35;27.8
77;37;27.8
78;37;27.8
79;41;27.8
80;41;27.8
81;43;27.8
82;43;27.8
83;46;27.8
84;46;27.8
85;48;27.8
86;48;27.8
87;48;27.8
88;48;27.8
89;50;27.8
90;50;27.8
91;51;27.8
92;50;27.8
93;51;27.8
94;53;27.8
95;54;27.8
96;54;27.8
97;55;27.8
98;56;27.8
99;57;27.8
100;59;27.8
101;60;27.8
102;60;27.8
103;60;27.8
104;62;27.8
105;62;27.8
106;63;27.7
107;63;27.7
108;63;27.7
109;63;27.7
110;64;27.8
111;64;27.7
112;64;27.7
113;64;27.7
114;67;27.7
115;67;27.7
116;67;27.7
117;67;27.7
118;68;27.7
119;68;27.7
120;70;27.7
121;70;27.7
122;71;27.7
123;72;27.7
124;72;27.7
125;72;27.7
126;72;27.7
127;73;27.7
128;73;27.7
129;73;27.7
130;73;27.7
131;73;27.7
132;73;27.7
133;73;27.7
134;73;27.7
135;74;27.7
136;74;27.7
137;73;27.7
138;73;27.7
139;74;27.7
140;74;27.7
141;74;27.7
142;74;27.7
143;75;27.7
144;75;27.7
145;76;27.7
146;76;27.7
147;76;27.7
148;76;27.7
149;69;27.7
150;69;27.7
151;62;27.7
152;62;27.7
153;61;27.7
154;62;27.7
155;63;27.7
156;69;27.7
157;70;27.7
158;76;27.7
159;76;27.7
160;76;27.7
161;76;27.7
162;76;27.7
163;77;27.7
164;76;27.7
165;76;27.7
166;77;27.7
167;77;27.7
168;77;27.7
169;77;27.7
170;77;27.7
171;77;27.7
172;77;27.7
173;77;27.7
174;75;27.7
175;75;27.7
176;75;27.7
177;75;27.7
178;76;27.7
179;76;27.7
180;76;27.7
181;77;27.7
182;77;27.7
183;77;27.7
184;78;27.7
185;77;27.7
186;77;27.7
187;77;27.7
188;77;27.7
189;77;27.7
190;78;27.7
191;78;27.7
192;78;27.7
193;78;27.7
194;77;27.7
195;78;27.7
196;78;27.7
197;78;27.7
198;78;27.7
199;79;27.7
200;79;27.7
201;79;27.7
202;79;27.7
203;80;27.7
204;80;27.7
205;80;27.7
206;79;27.7
207;78;27.7
208;78;27.7
209;78;27.7
210;79;27.7
211;78;27.7
212;78;27.7
213;77;27.7
214;77;27.7
215;77;27.7
216;78;27.7
217;77;27.7
218;77;27.7
219;77;27.7
220;77;27.7
221;78;27.7
222;77;27.7
223;77;27.7
224;77;27.7
225;77;27.7
226;76;27.7
227;76;27.7
228;76;27.7
229;75;27.7
230;76;27.7
231;76;27.7
232;75;27.7
233;75;27.7
234;75;27.7
235;75;27.7
236;75;27.7
237;75;27.7
238;74;27.7
239;74;27.7
240;74;27.7
241;74;27.7
242;73;27.7
243;73;27.7
244;73;27.7
245;73;27.7
246;74;27.7
247;74;27.7
248;74;27.7
249;74;27.7
250;75;27.7
251;74;27.7
252;74;27.7
253;74;27.7
254;74;27.7
255;73;27.7
256;73;27.7
257;73;27.7
258;72;27.7
259;74;27.7
260;73;27.7
261;73;27.7
262;73;27.7
263;72;27.7
264;73;27.7
265;74;27.7
266;74;27.8
267;74;27.7
268;75;27.8
269;74;27.8
270;74;27.8
271;74;27.8
272;73;27.8
273;73;27.8
274;72;27.8
275;72;27.8
276;72;27.8
277;73;27.8
278;73;27.8
279;73;27.8
280;73;27.8
281;73;27.8
282;73;27.8
283;72;27.8
284;73;27.8
285;73;27.8
286;73;27.8
287;73;27.8
288;72;27.8
289;72;27.8
290;72;27.8
291;72;27.8
292;72;27.8
293;71;27.8
294;71;27.8
295;71;27.8
296;72;27.8
297;72;27.8
298;71;27.8
299;71;27.8
300;71;27.8
301;70;27.8
302;70;27.8
303;70;27.8
304;70;27.9
305;70;27.9
306;70;27.9
307;71;27.9
308;71;27.9
309;72;27.9
310;71;27.9
311;71;27.9
312;71;27.9
313;71;27.9
314;72;27.9
315;72;27.9
316;72;27.9
317;72;27.9
318;73;27.9
319;73;27.9
320;72;27.9
321;71;27.9
322;71;27.9
323;70;27.9
324;71;27.9
325;71;27.9
326;71;27.9
327;71;27.9
328;71;27.9
329;72;27.9
330;73;27.9
331;73;27.9
332;73;27.9
333;73;28.0
334;73;27.9
335;74;28.0
336;74;28.0
337;74;28.0
338;74;28.0
339;75;28.0
340;76;28.0
341;76;28.0
342;75;28.0
343;76;28.0
344;76;28.0
345;76;28.0
346;77;28.0
347;79;28.0
348;79;28.0
349;80;28.0
350;81;28.0
351;82;28.0
352;83;28.0
353;83;28.0
354;83;28.0
355;83;28.0
356;82;28.0
357;82;28.0
358;82;28.0
359;83;28.0
360;83;28.0
361;85;28.0
362;85;28.0
363;85;28.0
364;85;28.0
365;84;28.0
366;85;28.0
367;85;28.0
368;85;28.0
369;85;28.0
370;86;28.0
371;87;28.0
372;88;28.0
373;90;28.0
374;92;28.0
375;93;28.0
376;94;28.0
377;95;28.0
378;97;28.0
379;98;28.0
380;100;28.0
381;100;28.0
382;99;28.0
383;100;28.0
384;101;28.0
385;101;28.0
386;100;28.0
387;100;28.0
388;101;28.0
389;102;28.0
390;104;28.0
391;104;28.0
392;104;28.1
393;104;28.1
394;104;28.1
395;104;28.1
396;104;28.1
397;103;28.1
398;102;28.1
399;101;28.1
400;101;28.1
401;101;28.1
402;100;28.1
403;99;28.1
404;98;28.1
405;98;28.1
406;98;28.1
407;97;28.1
408;97;28.1
409;96;28.1
410;96;28.1
411;96;28.1
412;95;28.1
413;94;28.2
414;94;28.2
415;94;28.2
416;94;28.1
417;93;28.2
418;93;28.2
419;94;28.1
420;94;28.2
421;94;28.2
422;95;28.2
423;95;28.2
424;95;28.2
425;96;28.2
426;95;28.2
427;95;28.2
428;95;28.2
429;94;28.2
430;94;28.2
431;94;28.2
432;93;28.2
433;93;28.2
434;93;28.2
435;92;28.2
436;92;28.2
437;92;28.2
438;93;28.2
439;93;28.2
440;94;28.2
441;94;28.2
442;94;28.2
443;94;28.2
444;94;28.2
445;94;28.2
446;93;28.2
447;93;28.2
448;92;28.2
449;93;28.2
450;93;28.2
451;94;28.2
452;93;28.2
453;93;28.2
454;93;28.2
455;93;28.2
456;93;28.2
457;93;28.2
458;92;28.2
459;92;28.2
460;92;28.2
461;92;28.2
462;92;28.2
463;92;28.2
464;92;28.2
465;92;28.3
466;92;28.3
467;91;28.3
468;91;28.3
469;91;28.3
470;91;28.3
471;91;28.3
472;90;28.3
473;90;28.3
474;90;28.3
475;91;28.3
476;91;28.3
477;91;28.3
478;90;28.3
479;90;28.3
480;91;28.3
481;90;28.3
482;91;28.4
483;90;28.4
484;91;28.4
485;91;28.4
486;91;28.4
487;91;28.4
488;90;28.4
489;91;28.4
490;90;28.4
491;89;28.4
492;89;28.4
493;89;28.4
494;88;28.4
495;88;28.4
496;89;28.4
497;89;28.4
498;89;28.4
499;89;28.4
500;90;28.4
501;89;28.4
502;90;28.5
503;90;28.4
504;90;28.4
505;90;28.4
506;90;28.5
507;89;28.5
508;89;28.5
509;89;28.5
510;89;28.5
511;89;28.5
512;89;28.5
513;89;28.5
514;89;28.5
515;89;28.5
516;90;28.5
517;90;28.5
518;90;28.5
519;90;28.5
520;91;28.5
521;91;28.5
522;91;28.5
523;92;28.5
524;91;28.5
525;92;28.5
526;92;28.5
527;92;28.5
528;91;28.5
529;90;28.5
530;90;28.5
531;91;28.5
532;91;28.5
533;91;28.5
534;91;28.5
535;91;28.5
536;92;28.5
537;92;28.5
538;92;28.5
539;92;28.5
540;91;28.5
541;91;28.6
542;91;28.5
543;90;28.6
544;90;28.6
545;90;28.6
546;89;28.6
547;90;28.6
548;90;28.6
549;90;28.6
550;89;28.6
551;89;28.6
552;90;28.6
553;90;28.6
554;91;28.6
555;91;28.6
556;91;28.6
557;93;28.6
558;93;28.6
559;93;28.6
560;92;28.6
561;93;28.6
562;93;28.6
563;92;28.6
564;92;28.6
565;91;28.6
566;91;28.6
567;91;28.6
568;91;28.7
569;91;28.6
570;90;28.7
571;90;28.7
572;91;28.7
573;91;28.7
574;90;28.7
575;90;28.7
576;90;28.7
577;90;28.7
578;91;28.7
579;91;28.7
580;91;28.7
581;91;28.7
582;92;28.7
583;92;28.7
584;92;28.7
585;92;28.7
586;92;28.7
587;92;28.7
588;92;28.7
589;92;28.7
590;92;28.7
591;92;28.7
592;93;28.7
593;93;28.7
594;93;28.7
595;93;28.7
596;92;28.7
597;92;28.7
598;92;28.7
599;92;28.7
600;92;28.7
601;92;28.7
602;93;28.7
603;95;28.7
604;95;28.7
605;97;28.7
606;98;28.7
607;99;28.7
608;102;28.7
609;102;28.8
610;103;28.8
611;104;28.8
612;104;28.8
613;105;28.8
614;107;28.8
615;107;28.8
616;107;28.8
617;108;28.8
618;108;28.8
619;108;28.8
620;109;28.8
621;109;28.8
622;109;28.8
623;109;28.8
624;109;28.8
625;110;28.8
626;110;28.8
627;110;28.8
628;111;28.8
629;112;28.8
630;112;28.8
631;112;28.8
632;112;28.8
633;112;28.8
634;112;28.9
635;112;28.8
636;112;28.9
637;112;28.9
638;111;28.9
639;111;28.9
640;113;28.9
641;113;28.9
642;113;28.9
643;113;28.9
644;114;28.9
645;114;28.9
646;115;28.9
647;114;28.9
648;113;28.9
649;104;28.9
650;99;28.9
651;99;28.9
652;99;28.9
653;99;28.9
654;100;28.9
655;100;28.9
656;101;28.9
657;108;28.9
658;114;28.9
659;113;28.9
660;114;28.9
661;114;28.9
662;114;28.9
663;114;28.9
664;114;29.0
665;114;28.9
666;116;28.9
667;116;28.9
668;115;28.9
669;114;29.0
670;114;29.0
671;114;29.0
672;114;29.0
673;114;29.0
674;113;29.0
675;113;29.0
676;113;29.0
677;113;29.0
678;113;29.0
679;113;29.0
680;113;29.0
681;113;29.0
682;113;29.0
683;113;29.0
684;113;29.0
685;113;29.0
686;114;29.0
687;113;29.0
688;112;29.0
689;112;29.0
690;111;29.0
691;112;29.0
692;112;29.0
693;111;29.0
694;111;29.0
695;112;29.0
696;112;29.1
697;112;29.1
698;111;29.1
699;111;29.1
700;111;29.1
701;112;29.1
702;112;29.1
703;111;29.1
704;111;29.1
705;111;29.1
706;111;29.1
707;111;29.1
708;111;29.1
709;110;29.1
710;110;29.1
711;110;29.1
712;111;29.1
713;111;29.1
714;111;29.1
715;111;29.1
716;112;29.1
717;111;29.2
718;111;29.2
719;110;29.1
720;110;29.2
721;110;29.2
722;108;29.2
723;108;29.2
724;107;29.2
725;107;29.2
726;108;29.2
727;109;29.2
728;109;29.2
729;108;29.2
730;108;29.2
731;109;29.2
732;108;29.2
733;108;29.2
734;107;29.2
735;107;29.2
736;107;29.2
737;107;29.2
738;106;29.2
739;106;29.2
740;106;29.2
741;106;29.2
742;106;29.2
743;105;29.2
744;105;29.2
745;105;29.2
746;104;29.2
747;105;29.2
748;105;29.2
749;104;29.2
750;104;29.2
751;104;29.2
752;105;29.2
753;105;29.2
754;104;29.2
755;103;29.2
756;103;29.2
757;103;29.2
758;103;29.2
759;103;29.2
760;102;29.2
761;101;29.2
762;102;29.2
763;102;29.2
764;102;29.2
765;101;29.2
766;101;29.2
767;102;29.2
768;102;29.2
769;102;29.3
770;100;29.2
771;100;29.3
772;100;29.3
773;101;29.3
774;101;29.3
775;100;29.3
776;100;29.3
777;100;29.3
778;101;29.3
779;101;29.3
780;100;29.3
781;99;29.3
782;99;29.3
783;99;29.3
784;98;29.3
785;97;29.3
786;97;29.3
787;98;29.3
788;97;29.3
789;97;29.3
790;97;29.3
791;97;29.4
792;97;29.4
793;97;29.4
794;96;29.4
795;95;29.4
796;94;29.4
797;94;29.4
798;94;29.4
799;94;29.4
800;94;29.4
801;94;29.4
802;93;29.4
803;94;29.4
804;94;29.4
805;94;29.4
806;94;29.4
807;94;29.4
808;93;29.4
809;93;29.4
810;93;29.4
811;93;29.4
812;92;29.4
813;93;29.4
814;93;29.4
815;93;29.4
816;94;29.4
817;93;29.4
818;94;29.4
819;94;29.4
820;94;29.4
821;93;29.4
822;93;29.4
823;93;29.4
824;93;29.4
825;93;29.4
826;92;29.4
827;93;29.4
828;93;29.4
829;93;29.4
830;93;29.4
831;93;29.4
832;93;29.4
833;92;29.4
834;92;29.4
835;92;29.4
836;93;29.4
837;92;29.4
838;93;29.4
839;92;29.4
840;93;29.4
841;93;29.4
842;93;29.4
843;92;29.4
844;92;29.4
845;91;29.4
846;91;29.4
847;90;29.4
848;91;29.4
849;91;29.5
850;90;29.5
851;89;29.5
852;89;29.5
853;89;29.5
854;90;29.5
855;91;29.5
856;90;29.5
857;90;29.5
858;90;29.5
859;90;29.5
860;91;29.5
861;91;29.5
862;90;29.5
863;90;29.5
864;90;29.5
865;90;29.5
866;90;29.5
867;90;29.5
868;88;29.5
869;89;29.5
870;89;29.5
871;89;29.5
872;89;29.6
873;89;29.5
874;89;29.5
875;90;29.5
876;91;29.5
877;91;29.6
878;91;29.6
879;92;29.6
880;91;29.6
881;92;29.6
882;91;29.6
883;91;29.5
884;90;29.6
885;90;29.6
886;90;29.6
887;89;29.6
888;89;29.6
889;90;29.6
890;89;29.6
891;89;29.6
892;89;29.6
893;90;29.6
894;89;29.6
895;89;29.6
896;89;29.6
897;88;29.6
898;88;29.6
899;88;29.6
900;88;29.6
901;87;29.6
902;88;29.6
903;88;29.6
904;88;29.6
905;88;29.6
906;89;29.6
907;89;29.6
908;89;29.6
909;90;29.6
910;89;29.6
911;89;29.6
912;90;29.6
913;90;29.6
914;91;29.6
915;91;29.6
916;91;29.6
917;91;29.6
918;91;29.6
919;92;29.6
920;91;29.6
921;92;29.6
922;91;29.6
923;91;29.6
924;91;29.6
925;92;29.6
926;92;29.6
927;92;29.6
928;92;29.6
929;91;29.6
930;91;29.6
931;91;29.6
932;91;29.6
933;91;29.6
934;90;29.6
935;90;29.6
936;90;29.6
937;91;29.6
938;92;29.6
939;92;29.6
940;93;29.6
941;93;29.7
942;94;29.7
943;94;29.7
944;95;29.7
945;95;29.6
946;94;29.7
947;94;29.7
948;94;29.7
949;94;29.7
950;96;29.7
951;96;29.7
952;96;29.7
953;97;29.7
954;98;29.7
955;100;29.7
956;101;29.7
957;102;29.7
958;103;29.7
959;104;29.7
960;105;29.7
961;107;29.7
962;108;29.7
963;108;29.7
964;109;29.7
965;110;29.7
966;111;29.7
967;111;29.7
968;112;29.7
969;113;29.7
970;114;29.8
971;115;29.7
972;115;29.8
973;116;29.7
974;116;29.7
975;116;29.8
976;117;29.7
977;117;29.7
978;117;29.8
979;117;29.8
980;118;29.8
981;120;29.8
982;122;29.8
983;123;29.8
984;123;29.8
985;123;29.8
986;124;29.8
987;125;29.8
988;125;29.8
989;124;29.8
990;125;29.8
991;126;29.8
992;127;29.8
993;127;29.8
994;127;29.8
995;127;29.8
996;128;29.8
997;128;29.8
998;128;29.8
999;127;29.8
1000;126;29.8
1001;128;29.8
1002;129;29.8
1003;130;29.8
1004;129;29.8
1005;130;29.8
1006;130;29.8
1007;131;29.8
1008;131;29.8
1009;130;29.8
1010;130;29.8
1011;131;29.8
1012;132;29.9
1013;131;29.8
1014;132;29.8
1015;132;29.8
1016;132;29.9
1017;132;29.8
1018;124;29.9
1019;115;29.9
1020;116;29.9
1021;116;29.9
1022;114;29.9
1023;114;29.9
1024;113;29.9
1025;114;29.9
1026;121;29.9
1027;128;29.9
1028;127;29.9
1029;127;29.9
1030;127;29.9
1031;126;29.9
1032;126;29.9
1033;126;29.9
1034;126;29.9
1035;127;29.9
1036;127;29.9
1037;126;29.9
1038;125;29.9
1039;126;29.9
1040;126;29.9
1041;127;29.9
1042;126;29.9
1043;125;29.9
1044;125;29.9
1045;125;29.9
1046;125;29.9
1047;125;29.9
1048;124;29.9
1049;124;29.9
1050;125;29.9
1051;125;29.9
1052;125;29.9
1053;124;29.9
1054;124;29.9
1055;124;29.9
1056;125;29.9
1057;125;29.9
1058;124;29.9
1059;124;29.9
1060;124;29.9
1061;124;29.9
1062;124;29.9
1063;123;29.9
1064;123;29.9
1065;123;29.9
1066;123;29.9
1067;123;29.9
1068;123;30.0
1069;122;29.9
1070;122;29.9
1071;123;30.0
1072;123;30.0
1073;123;30.0
1074;122;29.9
1075;121;30.0
1076;122;30.0
1077;122;30.0
1078;122;30.0
1079;121;30.0
1080;121;30.0
1081;121;30.0
1082;121;30.0
1083;121;30.0
1084;120;30.0
1085;119;30.0
1086;119;30.0
1087;120;30.0
1088;119;30.0
1089;118;30.0
1090;119;30.0
1091;120;30.0
1092;119;30.0
1093;119;30.0
1094;118;30.0
1095;117;30.0
1096;117;30.0
1097;116;30.0
1098;116;30.0
1099;114;30.0
1100;114;30.0
1101;114;30.0
1102;113;30.0
1103;113;30.0
1104;112;30.0
1105;112;30.0
1106;111;30.0
1107;111;30.0
1108;111;30.0
1109;110;30.0
1110;110;30.0
1111;110;30.0
1112;111;30.0
1113;111;30.0
1114;111;30.0
1115;111;30.0
1116;112;30.0
1117;111;30.0
1118;111;30.0
1119;110;30.1
1120;110;30.1
1121;110;30.1
1122;108;30.1
1123;107;30.1
1124;107;30.1
1125;106;30.1
1126;106;30.1
1127;105;30.1
1128;104;30.1
1129;103;30.1
1130;103;30.1
1131;103;30.1
1132;103;30.1
1133;103;30.1
1134;102;30.1
1135;102;30.1
1136;103;30.1
1137;102;30.1
1138;102;30.1
1139;101;30.1
1140;100;30.1
1141;99;30.1
1142;99;30.1
1143;99;30.1
1144;98;30.1
1145;90;30.1
1146;90;30.1
1147;90;30.1
1148;89;30.1
1149;89;30.1
1150;88;30.1
1151;87;30.1
1152;89;30.1
1153;95;30.1
1154;94;30.1
1155;94;30.1
1156;93;30.1
1157;93;30.1
1158;93;30.1
1159;92;30.1
1160;92;30.1
1161;91;30.1
1162;92;30.1
1163;91;30.1
1164;91;30.1
1165;91;30.1
1166;91;30.1
1167;91;30.1
1168;90;30.1
1169;91;30.1
1170;90;30.1
1171;90;30.1
1172;90;30.1
1173;89;30.1
1174;89;30.1
1175;89;30.1
1176;89;30.1
1177;88;30.1
1178;88;30.1
1179;88;30.1
1180;89;30.1
1181;89;30.1
1182;88;30.1
1183;88;30.1
1184;88;30.1
1185;88;30.1
1186;87;30.1
1187;87;30.1
1188;86;30.1
1189;86;30.2
1190;87;30.1
1191;86;30.1
1192;86;30.1
1193;87;30.1
1194;87;30.1
1195;87;30.2
1196;87;30.1
1197;87;30.2
1198;86;30.2
1199;86;30.2
1200;86;30.2
1201;86;30.2
1202;85;30.2
1203;84;30.2
1204;84;30.2
1205;84;30.2
1206;84;30.2
1207;83;30.2
1208;83;30.2
1209;82;30.2
1210;82;30.2
1211;83;30.2
1212;83;30.2
1213;83;30.2
1214;83;30.2
1215;83;30.2
1216;84;30.2
1217;85;30.2
1218;85;30.2
1219;84;30.2
1220;84;30.2
1221;82;30.2
1222;82;30.2
1223;82;30.2
1224;81;30.2
1225;81;30.2
1226;81;30.2
1227;81;30.2
1228;82;30.2
1229;82;30.2
1230;82;30.2
1231;82;30.2
1232;82;30.2
1233;83;30.2
1234;82;30.2
1235;82;30.2
1236;82;30.2
1237;82;30.2
1238;81;30.2
1239;81;30.2
1240;81;30.2
1241;81;30.2
1242;81;30.2
1243;80;30.2
1244;80;30.2
1245;80;30.3
1246;80;30.2
1247;79;30.3
1248;79;30.3
1249;79;30.3
1250;79;30.3
1251;78;30.3
1252;79;30.3
1253;79;30.3
1254;79;30.3
1255;79;30.3
1256;79;30.3
1257;79;30.3
1258;79;30.3
1259;79;30.3
1260;79;30.3
1261;79;30.3
1262;79;30.3
1263;79;30.3
1264;80;30.3
1265;80;30.3
1266;80;30.3
1267;81;30.3
1268;80;30.3
1269;81;30.3
1270;81;30.3
1271;80;30.3
1272;81;30.3
1273;80;30.3
1274;80;30.3
1275;80;30.4
1276;80;30.3
1277;80;30.3
1278;80;30.3
1279;81;30.4
1280;81;30.3
1281;81;30.3
1282;81;30.4
1283;81;30.3
1284;81;30.4
1285;80;30.4
1286;80;30.4
1287;80;30.4
1288;79;30.4
1289;78;30.4
1290;78;30.3
1291;79;30.4
1292;79;30.4
1293;79;30.4
1294;80;30.4
1295;80;30.4
1296;81;30.4
1297;81;30.4
1298;81;30.4
1299;81;30.4
1300;80;30.4
1301;81;30.4
1302;80;30.4
1303;79;30.4
1304;79;30.4
1305;79;30.4
1306;79;30.4
1307;79;30.4
1308;79;30.4
1309;79;30.4
1310;79;30.4
1311;79;30.4
1312;79;30.4
1313;79;30.4
1314;79;30.4
1315;79;30.4
1316;80;30.4
1317;80;30.4
1318;79;30.4
1319;79;30.4
1320;79;30.4
1321;79;30.4
1322;79;30.4
1323;79;30.4
1324;79;30.4
1325;78;30.4
1326;78;30.4
1327;79;30.4
1328;78;30.4
1329;78;30.4
1330;79;30.4
1331;78;30.4
1332;79;30.4
1333;79;30.4
1334;79;30.4
1335;79;30.4
1336;79;30.4
1337;79;30.4
1338;79;30.4
1339;79;30.4
1340;78;30.4
1341;77;30.4
1342;77;30.4
1343;77;30.4
1344;77;30.4
1345;77;30.4
1346;76;30.4
1347;76;30.4
1348;76;30.4
1349;76;30.4
1350;77;30.4
1351;77;30.4
1352;76;30.4
1353;76;30.4
1354;78;30.4
1355;78;30.4
1356;79;30.4
1357;81;30.4
1358;81;30.4
1359;84;30.4
1360;86;30.4
1361;87;30.4
1362;88;30.4
1363;89;30.4
1364;89;30.4
1365;90;30.4
1366;91;30.4
1367;91;30.4
1368;92;30.4
1369;92;30.4
1370;92;30.4
1371;93;30.4
1372;93;30.4
1373;93;30.4
1374;93;30.4
1375;94;30.4
1376;94;30.4
1377;95;30.4
1378;95;30.4
1379;95;30.5
1380;96;30.4
1381;96;30.4
1382;96;30.4
1383;96;30.4
1384;96;30.5
1385;96;30.5
1386;96;30.5
1387;96;30.5
1388;96;30.5
1389;96;30.5
1390;96;30.5
1391;96;30.5
1392;96;30.5
1393;96;30.5
1394;96;30.5
1395;97;30.5
1396;97;30.5
1397;97;30.5
1398;97;30.5
1399;97;30.5
1400;97;30.5
1401;97;30.5
1402;97;30.5
1403;96;30.5
1404;96;30.5
1405;95;30.5
1406;95;30.5
1407;94;30.5
1408;94;30.6
1409;93;30.5
1410;94;30.6
1411;95;30.6
1412;95;30.6
1413;95;30.6
1414;95;30.6
1415;96;30.6
1416;96;30.6
1417;97;30.6
1418;96;30.6
1419;95;30.6
1420;95;30.6
1421;95;30.6
1422;96;30.6
1423;96;30.6
1424;95;30.6
1425;95;30.6
1426;96;30.6
1427;96;30.6
1428;96;30.6
1429;96;30.6
1430;95;30.6
1431;95;30.6
1432;95;30.6
1433;95;30.6
1434;94;30.6
1435;94;30.6
1436;94;30.6
1437;94;30.6
1438;94;30.6
1439;93;30.6
1440;93;30.6
1441;93;30.6
1442;93;30.6
1443;93;30.6
1444;92;30.6
1445;92;30.6
1446;93;30.6
1447;93;30.6
1448;93;30.6
1449;93;30.6
1450;93;30.6
1451;93;30.6
1452;93;30.6
1453;93;30.6
1454;92;30.6
1455;92;30.6
1456;92;30.6
1457;92;30.6
1458;91;30.6
1459;90;30.6
1460;90;30.6
1461;90;30.6
1462;90;30.6
1463;90;30.6
1464;90;30.6
1465;90;30.6
1466;90;30.6
1467;90;30.6
1468;89;30.6
1469;89;30.6
1470;89;30.6
1471;89;30.6
1472;90;30.6
1473;89;30.6
1474;89;30.6
1475;89;30.6
1476;89;30.6
1477;89;30.6
1478;88;30.6
1479;87;30.6
1480;87;30.6
1481;86;30.6
1482;86;30.6
1483;86;30.6
1484;86;30.6
1485;85;30.6
1486;86;30.6
1487;85;30.6
1488;85;30.6
1489;85;30.6
1490;85;30.6
1491;85;30.6
1492;84;30.6
1493;84;30.6
1494;83;30.6
1495;83;30.6
1496;83;30.6
1497;83;30.6
1498;82;30.6
1499;82;30.6
1500;82;30.6
1501;82;30.6
1502;82;30.6
1503;81;30.6
1504;81;30.6
1505;80;30.6
1506;81;30.6
1507;80;30.6
1508;79;30.6
1509;79;30.6
1510;79;30.6
1511;79;30.6
1512;79;30.6
1513;79;30.6
1514;78;30.6
1515;78;30.6
1516;78;30.6
1517;79;30.6
1518;78;30.6
1519;78;30.6
1520;78;30.6
1521;77;30.6
1522;77;30.6
1523;77;30.6
1524;77;30.6
1525;77;30.6
1526;76;30.6
1527;77;30.6
1528;77;30.7
1529;77;30.6
1530;77;30.6
1531;77;30.6
1532;77;30.7
1533;77;30.6
1534;76;30.7
1535;75;30.7
1536;75;30.7
1537;74;30.7
1538;74;30.6
1539;74;30.6
1540;73;30.7
1541;73;30.7
1542;73;30.7
1543;74;30.7
1544;73;30.7
1545;74;30.7
1546;73;30.7
1547;73;30.7
1548;72;30.7
1549;71;30.7
1550;71;30.7
1551;71;30.7
1552;71;30.7
1553;70;30.7
1554;70;30.7
1555;69;30.7
1556;69;30.7
1557;70;30.7
1558;69;30.7
1559;68;30.7
1560;68;30.7
1561;68;30.7
1562;68;30.7
1563;68;30.7
1564;68;30.7
1565;68;30.7
1566;68;30.7
1567;68;30.7
1568;68;30.7
1569;68;30.7
1570;68;30.7
1571;68;30.7
1572;68;30.7
1573;68;30.7
1574;68;30.7
1575;68;30.7
1576;68;30.7
1577;69;30.7
1578;69;30.7
1579;69;30.7
1580;69;30.7
1581;69;30.7
1582;69;30.7
1583;70;30.7
1584;69;30.7
1585;69;30.7
1586;69;30.7
1587;69;30.7
1588;68;30.7
1589;68;30.8
1590;68;30.8
1591;67;30.7
1592;67;30.8
1593;67;30.7
1594;67;30.7
1595;67;30.8
1596;67;30.7
1597;68;30.8
1598;67;30.8
1599;68;30.8
1600;67;30.7
1601;68;30.8
1602;68;30.8
1603;68;30.8
1604;67;30.8
1605;67;30.8
1606;67;30.8
1607;67;30.8
1608;67;30.8
1609;67;30.8
1610;67;30.8
1611;67;30.8
1612;68;30.8
1613;68;30.8
1614;68;30.8
1615;68;30.8
1616;69;30.8
1617;69;30.8
1618;69;30.8
1619;69;30.8
1620;70;30.8
1621;70;30.8
1622;70;30.8
1623;69;30.8
1624;69;30.8
1625;70;30.8
1626;70;30.8
1627;70;30.8
1628;70;30.8
1629;70;30.8
1630;70;30.8
1631;70;30.8
1632;70;30.8
1633;69;30.8
1634;70;30.8
1635;70;30.8
1636;70;30.8
1637;70;30.8
1638;69;30.8
1639;70;30.8
1640;71;30.8
1641;71;30.8
1642;72;30.8
1643;72;30.8
1644;72;30.8
1645;72;30.8
1646;73;30.8
1647;73;30.8
1648;73;30.8
1649;72;30.8
1650;73;30.8
1651;74;30.8
1652;74;30.8
1653;75;30.8
1654;75;30.8
1655;75;30.8
1656;76;30.8
1657;76;30.8
1658;76;30.8
1659;75;30.8
1660;75;30.8
1661;76;30.8
1662;77;30.8
1663;77;30.8
1664;78;30.8
1665;79;30.8
1666;80;30.8
1667;82;30.8
1668;83;30.8
1669;84;30.8
1670;85;30.8
1671;86;30.8
1672;87;30.8
1673;89;30.8
1674;89;30.8
1675;89;30.8
1676;90;30.8
1677;90;30.8
1678;90;30.8
1679;90;30.8
1680;90;30.8
1681;90;30.8
1682;90;30.8
1683;90;30.8
1684;91;30.8
1685;91;30.8
1686;92;30.8
1687;92;30.8
1688;92;30.8
1689;92;30.8
1690;92;30.8
1691;93;30.8
1692;93;30.8
1693;93;30.8
1694;92;30.8
1695;92;30.8
1696;92;30.8
1697;92;30.8
1698;93;30.8
1699;92;30.8
1700;92;30.8
1701;93;30.8
1702;93;30.8
1703;93;30.8
1704;92;30.8
1705;92;30.8
1706;93;30.8
1707;93;30.8
1708;92;30.8
1709;92;30.8
1710;93;30.8
1711;93;30.8
1712;93;30.8
1713;93;30.8
1714;92;30.8
1715;92;30.8
1716;92;30.8
1717;92;30.8
1718;91;30.8
1719;90;30.8
1720;90;30.8
1721;90;30.8
1722;90;30.8
1723;89;30.8
1724;89;30.8
1725;90;30.8
1726;90;30.8
1727;91;30.9
1728;91;30.9
1729;91;30.9
1730;91;30.9
1731;91;30.9
1732;91;30.9
1733;90;30.9
1734;89;30.9
1735;89;30.9
1736;89;30.9
1737;89;30.9
1738;89;30.9
1739;88;30.9
1740;88;30.9
1741;88;30.9
1742;88;30.9
1743;88;30.9
1744;87;30.9
1745;87;30.9
1746;87;30.9
1747;87;30.9
1748;87;30.9
1749;85;30.9
1750;85;30.9
1751;86;30.9
1752;86;30.9
1753;86;30.9
1754;86;30.9
1755;86;30.9
1756;86;30.9
1757;86;30.9
1758;86;30.9
1759;85;30.9
1760;85;30.9
1761;85;30.9
1762;85;30.9
1763;84;30.9
1764;84;30.9
1765;84;30.9
1766;84;30.9
1767;84;30.9
1768;84;30.9
1769;83;31.0
1770;83;30.9
1771;83;30.9
1772;83;30.9
1773;82;31.0
1774;83;30.9
1775;83;30.9
1776;83;31.0
1777;83;31.0
1778;82;30.9
1779;82;30.9
1780;82;30.9
1781;83;30.9
1782;83;30.9
1783;83;30.9
1784;82;31.0
1785;82;31.0
1786;82;31.0
1787;82;31.0
1788;81;31.0
1789;80;31.0
1790;80;31.0
1791;79;31.0
1792;79;31.0
1793;79;31.0
1794;79;31.0
1795;79;31.0
1796;79;31.0
1797;79;31.0
1798;79;31.0
1799;79;31.0
1800;79;31.0
1801;78;31.0
1802;77;31.0
1803;77;31.0
1804;77;31.0
1805;77;31.0
1806;77;31.0
1807;76;31.0
1808;76;31.0
1809;76;31.0
1810;76;31.0
1811;76;31.0
1812;76;31.0
1813;76;31.0
1814;76;31.0
1815;75;31.0
1816;75;31.0
1817;75;31.0
1818;75;31.0
1819;74;31.0
1820;74;31.0
1821;74;31.0
1822;74;31.0
1823;74;31.0
1824;74;31.0
1825;73;31.0
1826;73;31.0
1827;73;31.0
1828;73;31.0
1829;73;31.0
1830;73;31.0
1831;73;31.0
1832;74;31.0
1833;74;31.0
1834;75;31.0
1835;75;31.0
1836;75;31.0
1837;75;31.0
1838;74;31.0
1839;74;31.0
1840;74;31.0
1841;74;31.0
1842;74;31.0
1843;74;31.0
1844;74;31.0
1845;73;31.0
1846;74;31.0
1847;74;31.0
1848;73;31.0
1849;73;31.0
1850;73;31.0
1851;73;31.0
1852;73;31.0
1853;73;31.0
1854;73;31.0
1855;73;31.0
1856;73;31.0
1857;74;31.0
1858;74;31.0
1859;72;31.0
1860;72;31.0
1861;72;31.0
1862;72;31.0
1863;71;31.0
1864;71;31.0
1865;70;31.0
1866;70;31.0
1867;70;31.0
1868;70;31.0
1869;70;31.0
1870;70;31.0
1871;70;31.0
1872;71;31.0
1873;71;31.0
1874;70;31.0
1875;71;31.0
1876;71;31.0
1877;71;31.0
1878;71;31.0
1879;71;31.0
1880;71;31.0
1881;71;31.0
1882;72;31.1
1883;72;31.0
1884;72;31.0
1885;72;31.0
1886;73;31.0
1887;73;31.0
1888;73;31.1
1889;72;31.1
1890;72;31.0
1891;71;31.0
1892;71;31.1
1893;71;31.1
1894;70;31.1
1895;70;31.1
1896;70;31.1
1897;70;31.0
1898;69;31.1
1899;69;31.0
1900;69;31.1
1901;69;31.0
1902;69;31.1
1903;69;31.1
1904;69;31.1
1905;69;31.1
1906;69;31.1
1907;70;31.1
1908;70;31.1
1909;70;31.1
1910;69;31.1
1911;68;31.1
1912;68;31.1
1913;68;31.1
1914;68;31.1
1915;67;31.1
1916;67;31.1
1917;68;31.1
1918;68;31.1
1919;69;31.1
1920;70;31.1
1921;70;31.1
1922;71;31.1
1923;71;31.1
1924;71;31.1
1925;71;31.1
1926;71;31.1
1927;71;31.1
1928;70;31.1
1929;69;31.1
1930;69;31.1
1931;69;31.1
1932;68;31.1
1933;68;31.1
1934;68;31.1
1935;68;31.1
1936;69;31.1
1937;69;31.1
1938;69;31.1
1939;69;31.1
1940;69;31.1
1941;69;31.1
1942;69;31.1
1943;69;31.1
1944;68;31.1
1945;69;31.1
1946;70;31.1
1947;71;31.1
1948;71;31.1
1949;72;31.1
1950;72;31.1
1951;73;31.1
1952;72;31.1
1953;72;31.1
1954;71;31.1
1955;71;31.1
1956;71;31.1
1957;70;31.1
1958;70;31.1
1959;70;31.1
1960;71;31.1
1961;71;31.1
1962;71;31.1
1963;71;31.1
1964;70;31.1
1965;71;31.1
1966;71;31.1
1967;71;31.1
1968;72;31.1
1969;72;31.1
1970;73;31.1
1971;73;31.1
1972;73;31.1
1973;73;31.1
1974;73;31.1
1975;73;31.1
1976;73;31.1
1977;72;31.1
1978;72;31.1
1979;72;31.1
1980;71;31.1
1981;71;31.1
1982;70;31.1
1983;70;31.1
1984;69;31.1
1985;70;31.1
1986;70;31.1
1987;70;31.1
1988;71;31.1
1989;71;31.1
1990;71;31.1
1991;72;31.1
1992;72;31.1
1993;72;31.1
1994;72;31.1
1995;72;31.1
1996;73;31.1
1997;72;31.1
1998;72;31.1
1999;72;31.1
2000;72;31.1
2001;72;31.1
2002;73;31.1
2003;74;31.1
2004;74;31.1
2005;75;31.1
2006;77;31.1
2007;78;31.1
2008;80;31.1
2009;81;31.1
2010;81;31.1
2011;82;31.1
2012;83;31.1
2013;83;31.1
2014;83;31.1
2015;83;31.1
2016;84;31.1
2017;84;31.2
2018;84;31.1
2019;85;31.2
2020;85;31.1
2021;86;31.2
2022;86;31.2
2023;86;31.2
2024;86;31.2
2025;86;31.2
2026;86;31.2
2027;86;31.2
2028;86;31.2
2029;86;31.2
2030;87;31.2
2031;87;31.2
2032;88;31.2
2033;88;31.2
2034;87;31.2
2035;88;31.2
2036;88;31.2
2037;88;31.2
2038;88;31.2
2039;87;31.2
2040;88;31.2
2041;88;31.2
2042;88;31.2
2043;87;31.2
2044;87;31.2
2045;87;31.2
2046;87;31.2
2047;86;31.2
2048;85;31.2
2049;85;31.2
2050;85;31.2
2051;85;31.2
2052;85;31.2
2053;85;31.2
2054;85;31.2
2055;85;31.2
2056;85;31.2
2057;85;31.2
2058;85;31.2
2059;85;31.2
2060;85;31.2
2061;86;31.2
2062;86;31.2
2063;86;31.2
2064;86;31.2
2065;85;31.2
2066;85;31.2
2067;85;31.2
2068;85;31.2
2069;84;31.2
2070;84;31.2
2071;83;31.2
2072;83;31.2
2073;83;31.2
2074;82;31.2
2075;82;31.2
2076;82;31.2
2077;82;31.3
2078;81;31.2
2079;81;31.2
2080;81;31.3
2081;81;31.3
2082;81;31.3
2083;81;31.3
2084;80;31.2
2085;80;31.2
2086;80;31.3
2087;79;31.3
2088;79;31.3
2089;79;31.3
2090;79;31.3
2091;80;31.3
2092;80;31.3
2093;73;31.3
2094;74;31.3
2095;74;31.3
2096;74;31.3
2097;75;31.3
2098;75;31.3
2099;74;31.3
2100;75;31.3
2101;82;31.3
2102;81;31.3
2103;81;31.3
2104;80;31.3
2105;80;31.3
2106;80;31.3
2107;80;31.3
2108;79;31.3
2109;79;31.3
2110;79;31.3
2111;79;31.3
2112;79;31.3
2113;79;31.3
2114;77;31.3
2115;77;31.3
2116;77;31.3
2117;77;31.3
2118;77;31.3
2119;77;31.3
2120;78;31.3
2121;78;31.3
2122;78;31.3
2123;78;31.3
2124;78;31.3
2125;78;31.3
2126;78;31.3
2127;78;31.3
2128;78;31.3
2129;77;31.3
2130;78;31.3
2131;78;31.3
2132;78;31.3
2133;76;31.3
2134;76;31.3
2135;75;31.3
2136;75;31.3
2137;75;31.3
2138;75;31.3
2139;74;31.3
2140;74;31.3
2141;74;31.3
2142;74;31.3
2143;73;31.3
2144;73;31.3
2145;72;31.3
2146;73;31.3
2147;74;31.3
2148;74;31.3
2149;74;31.3
2150;74;31.3
2151;74;31.3
2152;73;31.3
2153;74;31.3
2154;74;31.3
2155;74;31.3
2156;74;31.3
2157;74;31.3
2158;75;31.3
2159;74;31.3
2160;74;31.3
2161;74;31.3
2162;73;31.3
2163;72;31.3
2164;72;31.3
2165;72;31.3
2166;72;31.3
2167;72;31.3
2168;73;31.3
2169;73;31.3
2170;73;31.3
2171;73;31.3
2172;74;31.3
2173;74;31.3
2174;73;31.3
2175;74;31.3
2176;73;31.3
2177;72;31.3
2178;72;31.3
2179;71;31.3
2180;71;31.3
2181;71;31.3
2182;71;31.3
2183;71;31.3
2184;71;31.3
2185;71;31.3
2186;71;31.3
2187;71;31.3
2188;71;31.3
2189;71;31.3
2190;70;31.3
2191;70;31.3
2192;70;31.3
2193;70;31.3
2194;70;31.3
2195;70;31.3
2196;70;31.3
2197;70;31.3
2198;71;31.3
2199;71;31.3
2200;71;31.3
2201;72;31.3
2202;72;31.3
2203;72;31.3
2204;72;31.3
2205;72;31.3
2206;72;31.3
2207;72;31.3
2208;72;31.3
2209;72;31.3
2210;72;31.3
2211;72;31.3
2212;71;31.3
2213;72;31.3
2214;72;31.3
2215;72;31.3
2216;71;31.3
2217;70;31.3
2218;70;31.3
2219;70;31.3
2220;70;31.3
2221;70;31.3
2222;70;31.3
2223;70;31.3
2224;70;31.3
2225;71;31.3
2226;72;31.3
2227;72;31.3
2228;71;31.3
2229;70;31.3
2230;70;31.3
2231;69;31.3
2232;69;31.3
2233;68;31.3
2234;68;31.3
2235;68;31.3
2236;69;31.3
2237;62;31.3
2238;62;31.3
2239;62;31.3
2240;62;31.3
2241;63;31.3
2242;63;31.3
2243;62;31.3
2244;62;31.3
2245;68;31.3
2246;69;31.3
2247;69;31.3
2248;69;31.3
2249;69;31.3
2250;69;31.3
2251;70;31.4
2252;70;31.3
2253;70;31.3
2254;69;31.3
2255;69;31.3
2256;68;31.3
2257;68;31.3
2258;68;31.4
2259;68;31.4
2260;67;31.3
2261;67;31.3
2262;67;31.4
2263;67;31.3
2264;67;31.4
2265;67;31.4
2266;68;31.4
2267;67;31.3
2268;68;31.4
2269;68;31.3
2270;67;31.3
2271;67;31.4
2272;67;31.4
2273;67;31.4
2274;66;31.4
2275;67;31.4
2276;67;31.4
2277;67;31.4
2278;67;31.4
2279;66;31.4
2280;66;31.4
2281;67;31.4
2282;66;31.4
2283;66;31.4
2284;66;31.4
2285;66;31.4
2286;66;31.4
2287;66;31.4
2288;66;31.4
2289;66;31.4
2290;66;31.4
2291;65;31.4
2292;65;31.4
2293;64;31.4
2294;64;31.4
2295;63;31.4
2296;63;31.4
2297;63;31.4
2298;63;31.4
2299;63;31.4
2300;63;31.4
2301;65;31.4
2302;65;31.4
2303;66;31.4
2304;66;31.4
2305;66;31.4
2306;66;31.4
2307;66;31.4
2308;66;31.4
2309;65;31.4
2310;65;31.4
2311;65;31.4
2312;65;31.4
2313;66;31.4
2314;65;31.4
2315;65;31.4
2316;65;31.4
2317;65;31.4
2318;65;31.4
2319;64;31.4
2320;64;31.4
2321;64;31.4
2322;65;31.4
2323;65;31.4
2324;65;31.4
2325;65;31.4
2326;65;31.4
2327;66;31.4
2328;66;31.4
2329;66;31.4
2330;66;31.4
2331;66;31.4
2332;66;31.4
2333;66;31.4
2334;66;31.4
2335;66;31.4
2336;67;31.4
2337;67;31.4
2338;67;31.4
2339;67;31.4
2340;68;31.4
2341;68;31.4
2342;68;31.4
2343;68;31.4
2344;68;31.4
2345;68;31.4
2346;69;31.5
2347;69;31.4
2348;68;31.4
2349;69;31.4
2350;69;31.4
2351;69;31.4
2352;69;31.4
2353;69;31.4
2354;69;31.4
2355;69;31.4
2356;70;31.4
2357;71;31.4
2358;71;31.5
2359;70;31.5
2360;70;31.4
2361;71;31.4
2362;71;31.5
2363;72;31.4
2364;72;31.4
2365;71;31.5
2366;71;31.5
2367;71;31.5
2368;71;31.5
2369;71;31.5
2370;71;31.5
2371;72;31.5
2372;72;31.5
2373;72;31.5
2374;73;31.5
2375;73;31.5
2376;73;31.5
2377;75;31.5
2378;76;31.5
2379;78;31.5
2380;78;31.5
2381;78;31.5
2382;79;31.5
2383;81;31.5
2384;81;31.5
2385;82;31.5
2386;82;31.5
2387;82;31.5
2388;82;31.5
2389;83;31.5
2390;83;31.5
2391;83;31.5
2392;84;31.5
2393;84;31.5
2394;85;31.5
2395;85;31.5
2396;86;31.5
2397;86;31.5
2398;86;31.5
2399;86;31.5
2400;86;31.5
2401;86;31.5
2402;78;31.5
2403;78;31.5
2404;78;31.5
2405;78;31.5
2406;79;31.5
2407;79;31.5
2408;78;31.5
2409;79;31.5
2410;79;31.5
2411;87;31.5
2412;86;31.5
2413;86;31.5
2414;86;31.5
2415;85;31.5
2416;86;31.5
2417;86;31.5
2418;86;31.5
2419;84;31.5
2420;85;31.5
2421;85;31.5
2422;84;31.5
2423;84;31.5
2424;84;31.5
2425;85;31.5
2426;85;31.5
2427;84;31.5
2428;84;31.5
2429;84;31.5
2430;84;31.5
2431;84;31.5
2432;84;31.5
2433;84;31.5
2434;84;31.5
2435;84;31.5
2436;84;31.5
2437;84;31.5
2438;83;31.5
2439;83;31.5
2440;82;31.5
2441;82;31.5
2442;83;31.5
2443;82;31.5
2444;81;31.5
2445;81;31.5
2446;82;31.5
2447;82;31.5
2448;82;31.5
2449;81;31.5
2450;81;31.5
2451;81;31.5
2452;80;31.5
2453;80;31.5
2454;80;31.5
2455;80;31.5
2456;79;31.5
2457;79;31.5
2458;79;31.5
2459;79;31.5
2460;79;31.5
2461;79;31.5
2462;79;31.5
2463;79;31.5
2464;79;31.5
2465;79;31.5
2466;79;31.5
2467;79;31.5
2468;78;31.5
2469;78;31.5
2470;77;31.5
2471;77;31.5
2472;77;31.5
2473;77;31.5
2474;77;31.5
2475;77;31.5
2476;77;31.5
2477;77;31.5
2478;77;31.5
2479;77;31.5
2480;76;31.5
2481;76;31.5
2482;76;31.5
2483;76;31.5
2484;76;31.6
2485;75;31.5
2486;75;31.5
2487;75;31.5
2488;75;31.5
2489;75;31.6
2490;75;31.5
2491;75;31.5
2492;75;31.6
2493;74;31.6
2494;74;31.5
2495;74;31.6
2496;74;31.6
2497;74;31.6
2498;74;31.6
2499;73;31.6
2500;73;31.6
2501;73;31.6
2502;73;31.6
2503;73;31.6
2504;72;31.6
2505;72;31.6
2506;71;31.6
2507;71;31.6
2508;72;31.6
2509;71;31.6
2510;73;31.6
2511;73;31.6
2512;73;31.6
2513;73;31.6
2514;73;31.6
2515;73;31.6
2516;73;31.6
2517;73;31.6
2518;72;31.6
2519;72;31.6
2520;71;31.6
2521;71;31.6
2522;70;31.6
2523;70;31.6
2524;70;31.6
2525;70;31.6
2526;71;31.6
2527;71;31.6
2528;72;31.6
2529;72;31.6
2530;71;31.6
2531;71;31.6
2532;71;31.6
2533;71;31.6
2534;70;31.6
2535;70;31.6
2536;69;31.6
2537;69;31.6
2538;68;31.6
2539;69;31.6
2540;69;31.6
2541;69;31.6
2542;69;31.6
2543;69;31.6
2544;69;31.6
2545;69;31.6
2546;69;31.6
2547;69;31.6
2548;69;31.6
2549;68;31.6
2550;68;31.6
2551;68;31.6
2552;68;31.6
2553;69;31.6
2554;69;31.6
2555;68;31.6
2556;68;31.6
2557;69;31.6
2558;69;31.6
2559;70;31.6
2560;70;31.6
2561;70;31.6
2562;70;31.6
2563;70;31.6
2564;70;31.6
2565;70;31.6
2566;70;31.6
2567;70;31.6
2568;70;31.6
2569;71;31.6
2570;70;31.6
2571;70;31.6
2572;70;31.6
2573;70;31.6
2574;70;31.6
2575;70;31.6
2576;69;31.6
2577;69;31.6
2578;68;31.6
2579;68;31.6
2580;69;31.6
2581;69;31.6
2582;68;31.6
2583;68;31.6
2584;69;31.6
2585;69;31.6
2586;69;31.6
2587;69;31.6
2588;68;31.6
2589;68;31.6
2590;67;31.6
2591;67;31.6
2592;66;31.6
2593;66;31.6
2594;66;31.6
2595;66;31.6
2596;66;31.6
2597;66;31.6
2598;67;31.6
2599;67;31.6
2600;67;31.6
2601;68;31.6
2602;68;31.6
2603;68;31.6
2604;68;31.6
2605;68;31.6
2606;68;31.6
2607;67;31.6
2608;67;31.6
2609;68;31.6
2610;68;31.6
2611;68;31.6
2612;68;31.6
2613;67;31.6
2614;67;31.6
2615;68;31.6
2616;68;31.6
2617;67;31.6
2618;67;31.6
2619;68;31.6
2620;68;31.6
2621;69;31.6
2622;69;31.6
2623;68;31.6
2624;68;31.6
2625;67;31.6
2626;67;31.6
2627;66;31.6
2628;66;31.6
2629;66;31.6
2630;66;31.6
2631;66;31.6
2632;69;31.6
2633;69;31.6
2634;73;31.6
2635;73;31.6
2636;73;31.6
2637;73;31.6
2638;73;31.6
2639;73;31.6
2640;70;31.6
2641;70;31.6
2642;66;31.6
2643;66;31.6
2644;65;31.6
2645;65;31.6
2646;66;31.6
2647;66;31.6
2648;66;31.6
2649;66;31.6
2650;65;31.6
2651;65;31.6
2652;66;31.7
2653;66;31.7
2654;66;31.6
2655;66;31.7
2656;65;31.7
2657;65;31.7
2658;65;31.7
2659;64;31.7
2660;64;31.7
2661;63;31.7
2662;63;31.6
2663;64;31.7
2664;64;31.7
2665;64;31.6
2666;64;31.7
2667;65;31.7
2668;65;31.7
2669;64;31.7
2670;64;31.7
2671;64;31.7
2672;64;31.7
2673;64;31.7
2674;64;31.7
2675;63;31.7
2676;63;31.7
2677;64;31.7
2678;64;31.7
2679;63;31.7
2680;63;31.7
2681;63;31.7
2682;63;31.7
2683;64;31.7
2684;64;31.7
2685;63;31.7
2686;63;31.7
2687;63;31.7
2688;63;31.7
2689;62;31.7
2690;61;31.7
2691;61;31.7
2692;61;31.7
2693;61;31.7
2694;61;31.7
2695;61;31.7
2696;61;31.7
2697;61;31.7
2698;61;31.7
2699;61;31.7
2700;62;31.7
2701;62;31.7
2702;61;31.7
2703;61;31.7
2704;62;31.7
2705;62;31.7
2706;61;31.7
2707;61;31.7
2708;61;31.7
2709;61;31.7
2710;62;31.7
2711;62;31.7
2712;61;31.7
2713;61;31.7
2714;62;31.7
2715;62;31.7
2716;61;31.7
2717;61;31.7
2718;61;31.7
2719;61;31.7
2720;62;31.7
2721;62;31.7
2722;62;31.7
2723;62;31.7
2724;63;31.7
2725;63;31.7
2726;63;31.7
2727;63;31.7
2728;63;31.7
2729;62;31.8
2730;62;31.8
2731;64;31.7
2732;64;31.7
2733;63;31.7
2734;63;31.7
2735;63;31.7
2736;63;31.8
2737;63;31.7
2738;63;31.7
2739;63;31.7
2740;63;31.7
2741;63;31.7
2742;63;31.7
2743;62;31.7
2744;62;31.7
2745;63;31.7
2746;63;31.7
2747;64;31.7
2748;64;31.7
2749;65;31.7
2750;65;31.7
2751;65;31.8
2752;66;31.8
2753;66;31.7
2754;66;31.7
2755;66;31.7
2756;66;31.7
2757;66;31.7
2758;65;31.7
2759;65;31.7
2760;65;31.7
2761;65;31.7
2762;65;31.7
2763;65;31.7
2764;65;31.8
2765;65;31.8
2766;67;31.7
2767;67;31.8
2768;66;31.7
2769;66;31.8
2770;67;31.7
2771;67;31.8
2772;67;31.8
2773;67;31.7
2774;68;31.7
2775;68;31.7
2776;69;31.8
2777;69;31.8
2778;69;31.7
2779;69;31.7
2780;68;31.7
2781;68;31.8
2782;67;31.7
2783;67;31.8
2784;68;31.7
2785;67;31.8
2786;67;31.8
2787;67;31.8
2788;68;31.7
2789;67;31.8
2790;67;31.7
2791;67;31.8
2792;67;31.8
2793;67;31.7
2794;67;31.8
2795;67;31.7
2796;67;31.7
2797;67;31.7
2798;67;31.8
2799;67;31.7
2800;67;31.8
2801;67;31.8
2802;67;31.8
2803;68;31.8
2804;68;31.8
2805;69;31.7
2806;69;31.7
2807;68;31.8
2808;69;31.8
2809;69;31.8
2810;69;31.8
2811;69;31.7
2812;68;31.7
2813;68;31.8
2814;69;31.7
2815;71;31.8
2816;71;31.7
2817;72;31.7
2818;74;31.7
2819;75;31.8
2820;78;31.7
2821;78;31.8
2822;83;31.7
2823;83;31.8
2824;88;31.8
2825;88;31.8
2826;96;31.8
2827;96;31.8
2828;106;31.8
2829;106;31.8
2830;114;31.8
2831;114;31.8
2832;124;31.8
2833;124;31.8
2834;131;31.8
2835;131;31.8
2836;136;31.8
2837;136;31.8
2838;138;31.8
2839;139;31.8
2840;140;31.8
2841;140;31.8
2842;139;31.8
2843;139;31.8
2844;139;31.8
2845;138;31.8
2846;135;31.8
2847;133;31.8
2848;131;31.8
2849;127;31.8
2850;126;31.8
2851;125;31.8
2852;123;31.8
2853;122;31.8
2854;122;31.8
2855;122;31.8
2856;122;31.8
2857;124;31.8
2858;124;31.8
2859;124;31.8
2860;124;31.8
2861;124;31.8
2862;124;31.8
2863;122;31.8
2864;122;31.8
2865;118;31.8
2866;118;31.8
2867;117;31.8
2868;115;31.8
2869;114;31.8
2870;112;31.8
2871;112;31.8
2872;113;31.8
2873;114;31.8
2874;114;31.8
2875;114;31.8
2876;115;31.8
2877;117;31.8
2878;119;31.8
2879;121;31.8
2880;124;31.8
2881;124;31.8
2882;125;31.8
2883;123;31.8
2884;123;31.8
2885;123;31.8
2886;123;31.8
2887;123;31.8
2888;123;31.8
2889;123;31.8
2890;127;31.8
2891;127;31.8
2892;133;31.8
2893;133;31.8
2894;140;31.8
2895;140;31.8
2896;143;31.8
2897;143;31.8
2898;143;31.8
2899;144;31.8
2900;143;31.8
2901;142;31.8
2902;141;31.8
2903;140;31.8
2904;139;31.8
2905;139;31.8
2906;138;31.8
2907;137;31.8
2908;136;31.8
2909;134;31.8
2910;132;31.8
2911;129;31.8
2912;126;31.8
2913;126;31.8
2914;125;31.8
2915;125;31.8
2916;125;31.8
2917;126;31.8
2918;126;31.8
2919;130;31.8
2920;130;31.9
2921;130;31.9
2922;130;31.9
2923;128;31.9
2924;128;31.9
2925;123;31.9
2926;122;31.9
2927;118;31.9
2928;119;31.9
2929;118;31.9
2930;118;31.9
2931;118;31.9
2932;119;31.9
2933;120;31.9
2934;121;31.9
2935;122;31.9
2936;121;31.9
2937;120;31.9
2938;119;31.9
2939;116;31.9
2940;115;31.9
2941;115;31.9
2942;115;31.9
2943;114;31.9
2944;114;31.9
2945;114;32.0
2946;115;32.0
2947;116;32.0
2948;117;32.0
2949;117;32.0
2950;117;32.0
2951;117;32.0
2952;117;32.0
2953;117;32.0
2954;116;32.0
2955;116;32.0
2956;114;32.0
2957;114;32.0
2958;113;32.0
2959;112;32.0
2960;112;32.0
2961;113;32.0
2962;113;32.0
2963;114;32.0
2964;115;32.0
2965;116;32.0
2966;116;32.0
2967;116;32.0
2968;115;32.0
2969;114;32.0
2970;114;32.0
2971;114;32.0
2972;113;32.0
2973;112;32.0
2974;110;32.0
2975;110;32.0
2976;110;32.0
2977;110;32.0
2978;110;32.0
2979;110;32.0
2980;110;32.0
2981;110;32.0
2982;110;32.0
2983;110;32.0
2984;110;32.0
2985;108;32.0
2986;107;32.0
2987;106;32.0
2988;105;32.0
2989;105;32.0
2990;105;32.0
2991;104;32.0
2992;104;32.0
2993;104;32.0
2994;104;32.0
2995;103;32.0
2996;103;32.0
2997;102;32.0
2998;101;32.0
2999;101;32.0
3000;101;32.0
3001;101;32.0
3002;101;32.0
3003;102;32.0
3004;102;32.0
3005;102;32.0
3006;103;32.0
3007;103;32.0
3008;103;32.0
3009;103;32.0
3010;103;32.0
3011;102;32.0
3012;101;32.0
3013;101;32.0
3014;100;32.0
3015;100;32.0
3016;99;32.0
3017;98;32.0
3018;97;32.0
3019;97;32.0
3020;97;32.0
3021;97;32.0
3022;96;32.0
3023;96;32.0
3024;97;32.0
3025;97;32.0
3026;97;32.0
3027;97;32.0
3028;97;32.0
3029;97;32.0
3030;98;32.0
3031;98;32.0
3032;98;32.0
3033;97;32.0
3034;97;32.0
3035;96;32.0
3036;96;32.0
3037;95;32.0
3038;94;32.0
3039;93;32.0
3040;92;32.0
3041;92;32.0
3042;91;32.0
3043;91;32.0
3044;92;32.0
3045;92;32.0
3046;92;32.0
3047;93;32.0
3048;93;32.0
3049;94;32.0
3050;94;32.0
3051;95;32.0
3052;95;32.0
3053;96;32.0
3054;97;32.0
3055;98;32.0
3056;98;32.0
3057;99;32.0
3058;100;32.0
3059;100;32.0
3060;100;32.0
3061;99;32.0
3062;99;32.0
3063;99;32.0
3064;99;32.0
3065;98;32.0
3066;98;32.0
3067;98;32.0
3068;98;32.0
3069;98;32.0
3070;99;32.0
3071;99;32.0
3072;99;32.0
3073;100;32.0
3074;100;32.0
3075;100;32.0
3076;100;32.0
3077;100;32.0
3078;100;32.0
3079;99;32.0
3080;99;32.0
3081;98;32.0
3082;98;32.0
3083;98;32.0
3084;98;32.0
3085;98;32.0
3086;98;32.0
3087;99;32.0
3088;99;32.0
3089;100;32.0
3090;100;32.0
3091;100;32.0
3092;100;32.0
3093;101;32.0
3094;101;32.0
3095;101;32.0
3096;101;32.0
3097;101;32.0
3098;101;32.0
3099;102;32.0
3100;102;32.0
3101;101;32.0
3102;102;32.0
3103;102;32.0
3104;102;32.0
3105;102;32.0
3106;103;32.0
3107;102;32.0
3108;102;32.0
3109;102;32.0
3110;102;32.0
3111;101;32.1
3112;101;32.0
3113;100;32.1
3114;100;32.0
3115;100;32.0
3116;100;32.0
3117;99;32.1
3118;99;32.1
3119;99;32.1
3120;99;32.0
3121;98;32.0
3122;98;32.1
3123;98;32.0
3124;98;32.0
3125;97;32.0
3126;97;32.1
3127;97;32.0
3128;97;32.0
3129;96;32.1
3130;96;32.0
3131;97;32.1
3132;96;32.1
3133;97;32.0
3134;98;32.0
3135;98;32.0
3136;98;32.1
3137;99;32.1
3138;100;32.1
3139;99;32.0
3140;100;32.1
3141;100;32.1
3142;99;32.1
3143;99;32.1
3144;99;32.1
3145;99;32.1
3146;98;32.1
3147;98;32.1
3148;97;32.1
3149;97;32.1
3150;97;32.1
3151;97;32.1
3152;97;32.1
3153;97;32.1
3154;96;32.1
3155;96;32.1
3156;97;32.1
3157;96;32.1
3158;96;32.1
3159;96;32.1
3160;96;32.1
3161;96;32.1
3162;96;32.1
3163;96;32.1
3164;96;32.1
3165;96;32.1
3166;96;32.1
3167;95;32.1
3168;96;32.1
3169;96;32.1
3170;96;32.1
3171;96;32.1
3172;95;32.1
3173;95;32.1
3174;95;32.1
3175;94;32.1
3176;94;32.1
3177;94;32.1
3178;94;32.1
3179;94;32.1
3180;94;32.1
3181;95;32.1
3182;95;32.1
3183;95;32.1
3184;95;32.1
3185;94;32.1
3186;94;32.1
3187;94;32.1
3188;94;32.1
3189;94;32.1
3190;94;32.1
3191;95;32.1
3192;95;32.1
3193;95;32.1
3194;96;32.1
3195;96;32.1
3196;96;32.1
3197;97;32.1
3198;97;32.1
3199;98;32.1
3200;98;32.1
3201;98;32.1
3202;98;32.1
3203;100;32.1
3204;100;32.1
3205;100;32.1
3206;100;32.1
3207;100;32.1
3208;102;32.1
3209;102;32.1
3210;102;32.1
3211;102;32.1
3212;102;32.1
3213;103;32.1
3214;103;32.1
3215;103;32.1
3216;103;32.1
3217;103;32.1
3218;103;32.1
3219;102;32.1
3220;102;32.1
3221;102;32.1
3222;102;32.1
3223;102;32.1
3224;102;32.1
3225;102;32.1
3226;103;32.1
3227;103;32.1
3228;103;32.1
3229;103;32.1
3230;103;32.1
3231;103;32.1
3232;103;32.1
3233;103;32.1
3234;104;32.1
3235;103;32.1
3236;104;32.1
3237;103;32.1
3238;103;32.1
3239;104;32.1
3240;104;32.1
3241;104;32.1
3242;103;32.1
3243;103;32.2
3244;102;32.1
3245;102;32.1
3246;101;32.1
3247;101;32.2
3248;100;32.1
3249;100;32.2
3250;101;32.1
3251;101;32.1
3252;102;32.2
3253;102;32.2
3254;102;32.1
3255;102;32.2
3256;102;32.2
3257;102;32.2
3258;101;32.2
3259;102;32.2
3260;101;32.1
3261;102;32.2
3262;102;32.2
3263;103;32.1
3264;103;32.1
3265;103;32.2
3266;104;32.2
3267;104;32.2
3268;104;32.2
3269;104;32.2
3270;104;32.2
3271;105;32.2
3272;106;32.2
3273;106;32.2
3274;107;32.2
3275;108;32.2
3276;109;32.2
3277;110;32.2
3278;110;32.2
3279;110;32.2
3280;110;32.2
3281;110;32.2
3282;111;32.2
3283;112;32.2
3284;112;32.2
3285;112;32.2
3286;113;32.2
3287;114;32.2
3288;115;32.2
3289;117;32.2
3290;120;32.2
3291;122;32.2
3292;124;32.2
3293;127;32.2
3294;130;32.2
3295;132;32.2
3296;135;32.2
3297;137;32.2
3298;138;32.2
3299;138;32.2
3300;139;32.2
3301;138;32.2
3302;139;32.2
3303;137;32.2
3304;137;32.2
3305;135;32.2
3306;135;32.2
3307;133;32.2
3308;132;32.2
3309;131;32.2
3310;130;32.2
3311;129;32.2
3312;128;32.2
3313;127;32.2
3314;126;32.2
3315;125;32.2
3316;125;32.2
3317;124;32.2
3318;124;32.2
3319;123;32.2
3320;122;32.2
3321;120;32.2
3322;120;32.2
3323;120;32.2
3324;119;32.2
3325;118;32.2
3326;117;32.2
3327;116;32.2
3328;115;32.2
3329;115;32.2
3330;114;32.2
3331;114;32.2
3332;114;32.2
3333;114;32.2
3334;114;32.2
3335;114;32.2
3336;114;32.2
3337;113;32.2
3338;113;32.2
3339;113;32.2
3340;113;32.2
3341;113;32.2
3342;113;32.2
3343;112;32.2
3344;112;32.2
3345;112;32.2
3346;111;32.2
3347;111;32.2
3348;111;32.2
3349;110;32.2
3350;111;32.2
3351;111;32.2
3352;112;32.2
3353;112;32.2
3354;113;32.2
3355;104;32.2
3356;103;32.2
3357;103;32.2
3358;102;32.2
3359;102;32.2
3360;101;32.2
3361;100;32.2
3362;100;32.2
3363;106;32.2
3364;106;32.2
3365;106;32.2
3366;106;32.2
3367;105;32.2
3368;106;32.2
3369;106;32.2
3370;106;32.2
3371;107;32.2
3372;107;32.2
3373;107;32.2
3374;107;32.2
3375;107;32.2
3376;108;32.2
3377;108;32.2
3378;109;32.2
3379;109;32.2
3380;108;32.2
3381;107;32.2
3382;107;32.2
3383;107;32.2
3384;106;32.2
3385;106;32.2
3386;106;32.2
3387;106;32.2
3388;106;32.2
3389;106;32.2
3390;106;32.2
3391;106;32.2
3392;106;32.2
3393;106;32.2
3394;105;32.2
3395;105;32.2
3396;105;32.2
3397;105;32.2
3398;105;32.2
3399;105;32.2
3400;105;32.2
3401;105;32.2
3402;104;32.2
3403;105;32.2
3404;105;32.2
3405;104;32.2
3406;104;32.2
3407;104;32.2
3408;104;32.2
3409;104;32.2
3410;104;32.2
3411;104;32.2
3412;103;32.2
3413;103;32.2
3414;104;32.2
3415;103;32.2
3416;103;32.2
3417;103;32.2
3418;103;32.2
3419;104;32.2
3420;104;32.2
3421;104;32.2
3422;104;32.2
3423;104;32.2
3424;104;32.2
3425;105;32.2
3426;105;32.2
3427;105;32.2
3428;105;32.2
3429;105;32.2
3430;106;32.2
3431;105;32.2
3432;106;32.2
3433;106;32.2
3434;106;32.2
3435;106;32.2
3436;107;32.2
3437;106;32.2
3438;107;32.2
3439;107;32.2
3440;107;32.2
3441;107;32.2
3442;107;32.2
3443;107;32.2
3444;107;32.2
3445;106;32.2
3446;106;32.2
3447;106;32.2
3448;106;32.2
3449;105;32.2
3450;105;32.2
3451;105;32.3
3452;104;32.2
3453;104;32.2
3454;104;32.2
3455;104;32.2
3456;104;32.2
3457;103;32.2
3458;103;32.2
3459;102;32.2
3460;102;32.2
3461;102;32.2
3462;101;32.2
3463;101;32.2
3464;101;32.2
3465;101;32.3
3466;101;32.3
3467;101;32.2
3468;101;32.2
3469;101;32.2
3470;101;32.3
3471;102;32.2
3472;101;32.3
3473;101;32.2
3474;101;32.2
3475;101;32.3
3476;101;32.3
3477;101;32.3
3478;101;32.2
3479;101;32.2
3480;101;32.3
3481;101;32.2
3482;101;32.2
3483;102;32.2
3484;102;32.3
3485;102;32.3
3486;102;32.2
3487;103;32.3
3488;102;32.3
3489;103;32.3
3490;103;32.3
3491;104;32.3
3492;104;32.3
3493;105;32.3
3494;106;32.3
3495;107;32.3
3496;107;32.3
3497;108;32.3
3498;109;32.3
3499;110;32.3
3500;111;32.3
3501;114;32.3
3502;117;32.3
3503;120;32.3
3504;123;32.3
3505;125;32.3
3506;128;32.3
3507;131;32.3
3508;133;32.3
3509;133;32.3
3510;134;32.3
3511;134;32.3
3512;134;32.3
3513;133;32.3
3514;133;32.3
3515;133;32.3
3516;132;32.3
3517;132;32.3
3518;130;32.3
3519;130;32.3
3520;129;32.3
3521;128;32.3
3522;126;32.3
3523;125;32.3
3524;124;32.3
3525;123;32.3
3526;122;32.3
3527;121;32.3
3528;120;32.3
3529;119;32.3
3530;118;32.3
3531;117;32.3
3532;117;32.3
3533;116;32.3
3534;116;32.3
3535;115;32.3
3536;115;32.3
3537;114;32.3
3538;114;32.3
3539;113;32.3
3540;112;32.3
3541;111;32.3
3542;111;32.3
3543;103;32.3
3544;103;32.3
3545;102;32.3
3546;101;32.3
3547;101;32.3
3548;100;32.3
3549;100;32.4
3550;100;32.3
3551;107;32.3
3552;106;32.3
3553;106;32.3
3554;106;32.3
3555;106;32.3
3556;106;32.3
3557;106;32.3
3558;106;32.3
3559;106;32.3
3560;106;32.3
3561;106;32.3
3562;107;32.3
3563;107;32.3
3564;107;32.3
3565;107;32.4
3566;107;32.3
3567;107;32.3
3568;107;32.3
3569;107;32.3
3570;106;32.3
3571;106;32.3
3572;106;32.4
3573;106;32.3
3574;106;32.3
3575;106;32.3
3576;106;32.4
3577;106;32.3
3578;105;32.4
3579;105;32.3
3580;105;32.3
3581;105;32.3
3582;104;32.3
3583;104;32.4
3584;103;32.3
3585;103;32.3
3586;102;32.4
3587;102;32.4
3588;102;32.3
3589;102;32.3
3590;101;32.3
3591;101;32.3
3592;101;32.4
3593;102;32.3
3594;101;32.4
3595;101;32.3
3596;102;32.4
3597;102;32.4
3598;102;32.3
3599;102;32.4
3600;103;32.3
3601;102;32.3
3602;103;32.4
3603;104;32.4
3604;103;32.4
3605;103;32.3
3606;103;32.4
3607;103;32.4
3608;103;32.4
3609;102;32.3
3610;102;32.3
3611;102;32.4
3612;101;32.4
3613;101;32.3
3614;101;32.4
3615;101;32.4
3616;101;32.3
3617;101;32.4
3618;101;32.4
3619;101;32.4
3620;102;32.3
3621;102;32.3
3622;102;32.3
3623;102;32.4
3624;103;32.4
3625;103;32.4
3626;103;32.3
3627;102;32.4
3628;102;32.3
3629;102;32.3
3630;102;32.4
3631;101;32.3
3632;101;32.4
3633;100;32.4
3634;100;32.3
3635;100;32.4
3636;100;32.4
3637;100;32.3
3638;100;32.4
3639;100;32.4
3640;100;32.3
3641;100;32.4
3642;100;32.4
3643;99;32.4
3644;99;32.4
3645;99;32.4
3646;100;32.4
3647;100;32.4
3648;100;32.4
3649;101;32.4
3650;101;32.4
3651;102;32.4
3652;102;32.3
3653;102;32.4
3654;102;32.4
3655;102;32.4
3656;102;32.4
3657;102;32.4
3658;102;32.4
3659;101;32.3
3660;101;32.4
3661;101;32.3
3662;100;32.4
3663;100;32.3
3664;99;32.4
3665;99;32.4
3666;99;32.4
3667;99;32.4
3668;99;32.4
3669;100;32.4
3670;99;32.4
3671;99;32.4
3672;100;32.4
3673;101;32.4
3674;101;32.4
3675;101;32.4
3676;101;32.4
3677;101;32.4
3678;101;32.4
3679;102;32.4
3680;102;32.4
3681;101;32.4
3682;101;32.4
3683;101;32.4
3684;101;32.4
3685;102;32.4
3686;101;32.4
3687;101;32.4
3688;100;32.4
3689;101;32.4
3690;100;32.4
3691;100;32.4
3692;100;32.4
3693;99;32.4
3694;99;32.4
3695;99;32.4
3696;99;32.4
3697;99;32.4
3698;99;32.4
3699;99;32.4
3700;100;32.4
3701;100;32.4
3702;102;32.4
3703;102;32.4
3704;102;32.4
3705;102;32.4
3706;103;32.4
3707;103;32.4
3708;103;32.4
3709;103;32.4
3710;102;32.4
3711;102;32.4
3712;101;32.4
3713;102;32.4
3714;102;32.4
3715;102;32.4
3716;103;32.4
3717;103;32.4
3718;103;32.4
3719;104;32.4
3720;104;32.4
3721;105;32.4
3722;105;32.4
3723;105;32.4
3724;106;32.4
3725;106;32.4
3726;107;32.4
3727;108;32.4
3728;108;32.4
3729;110;32.4
3730;113;32.4
3731;115;32.4
3732;118;32.4
3733;121;32.5
3734;124;32.5
3735;128;32.5
3736;129;32.5
3737;131;32.4
3738;132;32.5
3739;133;32.5
3740;133;32.4
3741;133;32.5
3742;133;32.5
3743;133;32.5
3744;132;32.5
3745;131;32.5
3746;131;32.5
3747;130;32.5
3748;129;32.5
3749;128;32.5
3750;127;32.5
3751;126;32.5
3752;125;32.5
3753;125;32.5
3754;123;32.5
3755;122;32.5
3756;121;32.5
3757;120;32.5
3758;120;32.5
3759;120;32.5
3760;120;32.5
3761;119;32.5
3762;119;32.5
3763;119;32.5
3764;120;32.5
3765;120;32.5
3766;119;32.5
3767;119;32.5
3768;118;32.5
3769;117;32.5
3770;117;32.5
3771;116;32.5
3772;116;32.5
3773;116;32.5
3774;115;32.5
3775;114;32.5
3776;114;32.5
3777;114;32.5
3778;113;32.5
3779;114;32.5
3780;113;32.5
3781;113;32.5
3782;112;32.5
3783;112;32.5
3784;112;32.5
3785;113;32.5
3786;112;32.5
3787;112;32.5
3788;111;32.5
3789;112;32.5
3790;112;32.5
3791;111;32.5
3792;111;32.5
3793;110;32.5
3794;110;32.5
3795;110;32.5
3796;111;32.5
3797;111;32.5
3798;111;32.5
3799;111;32.5
3800;111;32.5
3801;110;32.5
3802;110;32.5
3803;109;32.5
3804;109;32.5
3805;107;32.5
3806;106;32.5
3807;106;32.5
3808;105;32.5
3809;105;32.5
3810;104;32.5
3811;105;32.5
3812;104;32.5
3813;105;32.5
3814;104;32.5
3815;104;32.5
3816;104;32.5
3817;104;32.5
3818;104;32.5
3819;105;32.5
3820;105;32.5
3821;105;32.5
3822;106;32.5
3823;106;32.5
3824;107;32.5
3825;107;32.5
3826;107;32.5
3827;107;32.5
3828;107;32.5
3829;106;32.5
3830;106;32.5
3831;106;32.5
3832;107;32.5
3833;106;32.5
3834;106;32.5
3835;106;32.5
3836;105;32.5
3837;106;32.5
3838;105;32.5
3839;105;32.5
3840;104;32.5
3841;104;32.5
3842;104;32.5
3843;104;32.5
3844;104;32.5
3845;104;32.5
3846;104;32.5
3847;104;32.5
3848;104;32.5
3849;104;32.5
3850;104;32.5
3851;103;32.5
3852;103;32.5
3853;102;32.5
3854;102;32.5
3855;101;32.5
3856;101;32.5
3857;100;32.5
3858;100;32.5
3859;100;32.5
3860;100;32.5
3861;100;32.5
3862;100;32.5
3863;100;32.5
3864;100;32.5
3865;99;32.5
3866;99;32.5
3867;100;32.5
3868;100;32.5
3869;100;32.5
3870;100;32.5
3871;100;32.5
3872;100;32.5
3873;100;32.5
3874;100;32.5
3875;100;32.5
3876;99;32.5
3877;99;32.5
3878;99;32.5
3879;99;32.5
3880;99;32.5
3881;100;32.5
3882;99;32.5
3883;99;32.5
3884;99;32.5
3885;99;32.5
3886;100;32.5
3887;99;32.5
3888;99;32.5
3889;99;32.5
3890;99;32.5
3891;99;32.5
3892;99;32.5
3893;99;32.5
3894;98;32.5
3895;98;32.5
3896;98;32.5
3897;98;32.5
3898;98;32.5
3899;99;32.5
3900;99;32.5
3901;100;32.5
3902;100;32.5
3903;100;32.5
3904;100;32.5
3905;101;32.5
3906;100;32.5
3907;100;32.5
3908;100;32.5
3909;100;32.5
3910;100;32.5
3911;100;32.5
3912;101;32.5
3913;100;32.5
3914;101;32.5
3915;101;32.5
3916;101;32.5
3917;102;32.5
3918;101;32.5
3919;101;32.5
3920;100;32.5
3921;99;32.5
3922;100;32.5
3923;99;32.5
3924;99;32.5
3925;99;32.5
3926;99;32.5
3927;99;32.5
3928;100;32.5
3929;100;32.5
3930;99;32.5
3931;100;32.5
3932;99;32.5
3933;99;32.5
3934;99;32.5
3935;98;32.5
3936;98;32.5
3937;97;32.5
3938;97;32.5
3939;97;32.5
3940;97;32.5
3941;96;32.5
3942;96;32.5
3943;97;32.5
3944;97;32.5
3945;97;32.5
3946;98;32.5
3947;98;32.5
3948;99;32.5
3949;99;32.5
3950;99;32.5
3951;99;32.5
3952;99;32.5
3953;99;32.5
3954;100;32.5
3955;100;32.5
3956;100;32.5
3957;100;32.5
3958;100;32.5
3959;100;32.5
3960;100;32.5
3961;100;32.5
3962;101;32.5
3963;101;32.5
3964;101;32.5
3965;102;32.5
3966;103;32.5
3967;104;32.5
3968;105;32.5
3969;106;32.5
3970;106;32.5
3971;106;32.5
3972;106;32.5
3973;107;32.5
3974;108;32.5
3975;109;32.5
3976;111;32.5
3977;115;32.5
3978;119;32.5
3979;123;32.5
3980;127;32.5
3981;131;32.5
3982;135;32.5
3983;138;32.5
3984;140;32.5
3985;141;32.5
3986;144;32.5
3987;144;32.5
3988;144;32.5
3989;144;32.5
3990;143;32.5
3991;143;32.5
3992;142;32.5
3993;141;32.5
3994;139;32.5
3995;138;32.5
3996;136;32.5
3997;136;32.5
3998;135;32.5
3999;133;32.5
4000;131;32.5
4001;130;32.5
4002;129;32.5
4003;128;32.5
4004;127;32.5
4005;125;32.5
4006;124;32.5
4007;123;32.5
4008;123;32.5
4009;122;32.5
4010;121;32.5
4011;121;32.5
4012;120;32.5
4013;120;32.5
4014;120;32.5
4015;120;32.5
4016;120;32.5
4017;120;32.5
4018;119;32.5
4019;120;32.5
4020;120;32.5
4021;121;32.5
4022;121;32.5
4023;121;32.5
4024;120;32.5
4025;120;32.5
4026;119;32.5
4027;118;32.5
4028;118;32.5
4029;117;32.5
4030;116;32.5
4031;116;32.5
4032;115;32.5
4033;114;32.5
4034;113;32.5
4035;113;32.5
4036;112;32.5
4037;112;32.5
4038;112;32.5
4039;112;32.5
4040;112;32.5
4041;112;32.5
4042;112;32.5
4043;111;32.5
4044;111;32.5
4045;111;32.5
4046;111;32.5
4047;111;32.5
4048;110;32.5
4049;111;32.5
4050;111;32.5
4051;111;32.5
4052;111;32.5
4053;111;32.5
4054;111;32.5
4055;111;32.5
4056;111;32.5
4057;111;32.5
4058;111;32.5
4059;111;32.5
4060;111;32.5
4061;111;32.5
4062;111;32.5
4063;111;32.5
4064;111;32.5
4065;111;32.5
4066;111;32.5
4067;110;32.5
4068;111;32.5
4069;111;32.5
4070;110;32.5
4071;111;32.5
4072;111;32.5
4073;111;32.5
4074;111;32.5
4075;111;32.5
4076;110;32.5
4077;110;32.5
4078;110;32.5
4079;110;32.5
4080;110;32.5
4081;109;32.5
4082;108;32.5
4083;108;32.5
4084;108;32.5
4085;107;32.5
4086;107;32.5
4087;107;32.5
4088;107;32.5
4089;107;32.5
4090;107;32.5
4091;107;32.5
4092;107;32.5
4093;107;32.5
4094;108;32.5
4095;107;32.5
4096;107;32.5
4097;107;32.5
4098;107;32.5
4099;107;32.5
4100;107;32.5
4101;108;32.5
4102;107;32.5
4103;108;32.5
4104;108;32.5
4105;109;32.5
4106;109;32.5
4107;109;32.5
4108;109;32.5
4109;109;32.5
4110;109;32.5
4111;109;32.5
4112;109;32.5
4113;108;32.5
4114;108;32.5
4115;108;32.5
4116;107;32.5
4117;107;32.5
4118;107;32.5
4119;107;32.5
4120;107;32.5
4121;106;32.5
4122;106;32.5
4123;106;32.5
4124;106;32.5
4125;107;32.5
4126;106;32.5
4127;106;32.5
4128;106;32.5
4129;106;32.5
4130;106;32.5
4131;106;32.5
4132;106;32.5
4133;106;32.5
4134;106;32.5
4135;106;32.5
4136;106;32.5
4137;105;32.5
4138;105;32.5
4139;105;32.5
4140;105;32.5
4141;104;32.5
4142;104;32.5
4143;104;32.5
4144;103;32.5
4145;103;32.5
4146;103;32.5
4147;102;32.5
4148;102;32.5
4149;103;32.5
4150;103;32.5
4151;103;32.5
4152;103;32.5
4153;104;32.5
4154;104;32.5
4155;104;32.5
4156;105;32.5
4157;105;32.5
4158;105;32.5
4159;105;32.5
4160;106;32.5
4161;106;32.5
4162;106;32.5
4163;107;32.5
4164;107;32.5
4165;106;32.5
4166;107;32.5
4167;108;32.5
4168;108;32.5
4169;108;32.5
4170;109;32.5
4171;110;32.5
4172;111;32.5
4173;113;32.5
4174;115;32.5
4175;118;32.5
4176;122;32.5
4177;126;32.5
4178;129;32.5
4179;133;32.5
4180;137;32.5
4181;139;32.5
4182;141;32.5
4183;141;32.5
4184;142;32.5
4185;143;32.5
4186;143;32.5
4187;142;32.5
4188;142;32.5
4189;142;32.5
4190;141;32.5
4191;140;32.5
4192;138;32.5
4193;137;32.5
4194;136;32.5
4195;134;32.5
4196;131;32.5
4197;129;32.5
4198;127;32.5
4199;125;32.5
4200;124;32.5
4201;123;32.5
4202;121;32.5
4203;121;32.5
4204;121;32.5
4205;120;32.5
4206;120;32.5
4207;120;32.5
4208;119;32.5
4209;119;32.5
4210;118;32.5
4211;118;32.5
4212;117;32.5
4213;117;32.5
4214;116;32.5
4215;116;32.5
4216;116;32.5
4217;115;32.5
4218;115;32.5
4219;114;32.5
4220;114;32.5
4221;114;32.5
4222;114;32.5
4223;114;32.5
4224;113;32.5
4225;114;32.5
4226;113;32.5
4227;113;32.5
4228;112;32.5
4229;112;32.5
4230;111;32.5
4231;111;32.5
4232;110;32.5
4233;109;32.5
4234;109;32.5
4235;109;32.5
4236;108;32.5
4237;107;32.5
4238;107;32.5
4239;106;32.5
4240;106;32.5
4241;105;32.5
4242;104;32.5
4243;104;32.5
4244;105;32.5
4245;105;32.5
4246;105;32.5
4247;105;32.5
4248;105;32.5
4249;105;32.5
4250;104;32.5
4251;104;32.5
4252;103;32.5
4253;103;32.5
4254;102;32.5
4255;102;32.5
4256;102;32.5
4257;102;32.5
4258;102;32.5
4259;102;32.5
4260;101;32.5
4261;101;32.5
4262;101;32.5
4263;101;32.5
4264;101;32.5
4265;100;32.5
4266;100;32.5
4267;100;32.5
4268;101;32.5
4269;102;32.5
4270;101;32.5
4271;101;32.5
4272;101;32.5
4273;100;32.5
4274;101;32.5
4275;100;32.5
4276;99;32.5
4277;98;32.5
4278;98;32.5
4279;98;32.5
4280;99;32.5
4281;99;32.5
4282;98;32.5
4283;99;32.5
4284;99;32.5
4285;98;32.5
4286;97;32.5
4287;97;32.5
4288;96;32.5
4289;96;32.5
4290;96;32.5
4291;95;32.5
4292;95;32.5
4293;95;32.5
4294;95;32.5
4295;94;32.5
4296;94;32.5
4297;95;32.5
4298;95;32.5
4299;94;32.5
4300;94;32.5
4301;94;32.5
4302;94;32.5
4303;94;32.5
4304;93;32.5
4305;93;32.5
4306;92;32.5
4307;93;32.5
4308;93;32.6
4309;93;32.5
4310;93;32.5
4311;93;32.6
4312;93;32.5
4313;93;32.5
4314;94;32.5
4315;93;32.6
4316;93;32.6
4317;93;32.5
4318;93;32.5
4319;94;32.5
4320;95;32.6
4321;95;32.6
4322;95;32.5
4323;95;32.5
4324;96;32.6
4325;96;32.5
4326;96;32.5
4327;95;32.6
4328;95;32.6
4329;94;32.6
4330;94;32.5
4331;95;32.6
4332;94;32.5
4333;94;32.5
4334;94;32.6
4335;95;32.6
4336;95;32.6
4337;96;32.6
4338;96;32.6
4339;96;32.6
4340;97;32.6
4341;98;32.6
4342;98;32.6
4343;98;32.6
4344;99;32.6
4345;99;32.6
4346;98;32.6
4347;98;32.6
4348;98;32.6
4349;97;32.6
4350;96;32.6
4351;96;32.6
4352;95;32.6
4353;95;32.6
4354;95;32.6
4355;96;32.6
4356;95;32.6
4357;94;32.6
4358;94;32.6
4359;95;32.6
4360;96;32.6
4361;96;32.6
4362;96;32.6
4363;96;32.6
4364;96;32.6
4365;97;32.6
4366;98;32.6
4367;97;32.6
4368;97;32.6
4369;97;32.6
4370;97;32.6
4371;97;32.6
4372;97;32.6
4373;97;32.6
4374;97;32.6
4375;97;32.6
4376;97;32.6
4377;96;32.6
4378;96;32.6
4379;96;32.6
4380;97;32.6
4381;97;32.6
4382;96;32.6
4383;96;32.6
4384;97;32.6
4385;98;32.6
4386;97;32.6
4387;97;32.6
4388;97;32.6
4389;97;32.6
4390;97;32.6
4391;99;32.6
4392;97;32.6
4393;96;32.6
4394;96;32.6
4395;97;32.6
4396;98;32.6
4397;98;32.6
4398;97;32.6
4399;96;32.6
4400;97;32.6
4401;98;32.6
4402;98;32.6
4403;98;32.6
4404;98;32.6
4405;99;32.6
4406;100;32.6
4407;100;32.6
4408;99;32.6
4409;99;32.6
4410;99;32.6
4411;100;32.6
4412;100;32.6
4413;100;32.6
4414;100;32.6
4415;100;32.6
4416;101;32.6
4417;101;32.6
4418;101;32.6
4419;101;32.6
4420;101;32.6
4421;100;32.6
4422;100;32.6
4423;100;32.6
4424;100;32.6
4425;100;32.6
4426;99;32.6
4427;100;32.6
4428;100;32.6
4429;102;32.6
4430;104;32.6
4431;105;32.6
4432;109;32.6
4433;114;32.6
4434;120;32.6
4435;128;32.6
4436;133;32.6
4437;140;32.6
4438;146;32.6
4439;152;32.6
4440;156;32.6
4441;160;32.6
4442;161;32.6
4443;162;32.6
4444;155;32.6
4445;156;32.6
4446;155;32.6
4447;155;32.6
4448;153;32.6
4449;151;32.6
4450;149;32.6
4451;147;32.6
4452;153;32.6
4453;149;32.6
4454;147;32.6
4455;145;32.6
4456;142;32.6
4457;140;32.6
4458;138;32.6
4459;137;32.6
4460;136;32.6
4461;134;32.6
4462;133;32.6
4463;133;32.6
4464;133;32.6
4465;132;32.6
4466;131;32.6
4467;130;32.6
4468;130;32.6
4469;129;32.6
4470;129;32.6
4471;129;32.6
4472;128;32.6
4473;128;32.6
4474;128;32.6
4475;128;32.6
4476;128;32.6
4477;127;32.6
4478;127;32.6
4479;128;32.6
4480;128;32.6
4481;128;32.6
4482;127;32.6
4483;128;32.6
4484;127;32.6
4485;128;32.6
4486;127;32.6
4487;127;32.6
4488;127;32.6
4489;126;32.6
4490;126;32.6
4491;125;32.7
4492;124;32.6
4493;124;32.7
4494;123;32.6
4495;123;32.6
4496;122;32.6
4497;122;32.6
4498;121;32.6
4499;121;32.7
4500;121;32.6
4501;120;32.6
4502;120;32.7
4503;120;32.6
4504;120;32.7
4505;120;32.7
4506;120;32.6
4507;119;32.6
4508;119;32.6
4509;120;32.6
4510;119;32.6
4511;119;32.7
4512;118;32.6
4513;117;32.6
4514;117;32.6
4515;117;32.6
4516;116;32.6
4517;115;32.6
4518;116;32.6
4519;116;32.6
4520;116;32.6
4521;115;32.6
4522;116;32.6
4523;116;32.6
4524;116;32.6
4525;116;32.6
4526;115;32.6
4527;115;32.7
4528;115;32.6
4529;115;32.7
4530;114;32.6
4531;115;32.7
4532;114;32.7
4533;114;32.6
4534;114;32.7
4535;114;32.6
4536;114;32.7
4537;113;32.6
4538;113;32.6
4539;113;32.7
4540;113;32.7
4541;113;32.7
4542;114;32.7
4543;113;32.7
4544;113;32.7
4545;113;32.7
4546;113;32.7
4547;112;32.7
4548;112;32.7
4549;112;32.7
4550;111;32.7
4551;111;32.7
4552;111;32.7
4553;111;32.7
4554;111;32.7
4555;111;32.7
4556;112;32.7
4557;112;32.7
4558;111;32.7
4559;111;32.7
4560;112;32.7
4561;112;32.7
4562;112;32.7
4563;111;32.7
4564;111;32.7
4565;110;32.7
4566;110;32.7
4567;109;32.7
4568;108;32.7
4569;108;32.7
4570;108;32.7
4571;107;32.7
4572;107;32.7
4573;107;32.7
4574;107;32.7
4575;108;32.7
4576;108;32.7
4577;108;32.7
4578;107;32.7
4579;108;32.7
4580;108;32.7
4581;108;32.7
4582;108;32.7
4583;108;32.7
4584;107;32.7
4585;107;32.7
4586;107;32.7
4587;107;32.7
4588;106;32.7
4589;106;32.7
4590;105;32.7
4591;104;32.7
4592;103;32.7
4593;103;32.7
4594;102;32.7
4595;101;32.7
4596;101;32.7
4597;101;32.7
4598;101;32.7
4599;102;32.7
4600;101;32.7
4601;101;32.7
4602;102;32.7
4603;101;32.7
4604;101;32.7
4605;100;32.7
4606;99;32.7
4607;99;32.7
4608;99;32.7
4609;99;32.7
4610;99;32.7
4611;98;32.7
4612;98;32.7
4613;99;32.7
4614;100;32.7
4615;100;32.7
4616;100;32.7
4617;100;32.7
4618;101;32.7
4619;102;32.7
4620;103;32.7
4621;102;32.7
4622;103;32.7
4623;104;32.7
4624;105;32.7
4625;105;32.7
4626;106;32.7
4627;106;32.7
4628;107;32.7
4629;107;32.7
4630;108;32.7
4631;108;32.7
4632;109;32.7
4633;109;32.7
4634;108;32.7
4635;108;32.7
4636;109;32.7
4637;108;32.7
4638;108;32.7
4639;108;32.7
4640;108;32.7
4641;108;32.7
4642;108;32.7
4643;108;32.7
4644;108;32.7
4645;108;32.7
4646;108;32.7
4647;108;32.7
4648;107;32.7
4649;108;32.7
4650;107;32.7
4651;108;32.7
4652;107;32.7
4653;107;32.7
4654;108;32.7
4655;107;32.7
4656;108;32.7
4657;109;32.7
4658;109;32.7
4659;109;32.7
4660;110;32.7
4661;111;32.7
4662;111;32.7
4663;111;32.7
4664;111;32.7
4665;110;32.7
4666;110;32.7
4667;110;32.7
4668;110;32.7
4669;109;32.7
4670;108;32.7
4671;108;32.7
4672;108;32.7
4673;107;32.7
4674;107;32.7
4675;107;32.7
4676;107;32.7
4677;107;32.7
4678;107;32.7
4679;107;32.7
4680;106;32.7
4681;107;32.7
4682;106;32.7
4683;106;32.7
4684;106;32.7
4685;106;32.7
4686;106;32.7
4687;105;32.7
4688;106;32.7
4689;106;32.7
4690;106;32.7
4691;106;32.7
4692;106;32.7
4693;106;32.7
4694;106;32.7
4695;107;32.7
4696;107;32.7
4697;107;32.7
4698;107;32.7
4699;107;32.7
4700;107;32.7
4701;106;32.7
4702;107;32.7
4703;106;32.7
4704;106;32.7
4705;106;32.7
4706;106;32.7
4707;107;32.7
4708;107;32.7
4709;107;32.7
4710;106;32.7
4711;106;32.7
4712;107;32.7
4713;106;32.7
4714;105;32.7
4715;105;32.7
4716;105;32.7
4717;105;32.7
4718;106;32.7
4719;106;32.7
4720;105;32.7
4721;106;32.7
4722;106;32.7
4723;106;32.7
4724;106;32.7
4725;106;32.7
4726;105;32.7
4727;105;32.7
4728;0;0.0
