"Source File";"240425A\Trend1.trd";"Date";"04/25/24";"Output";"D:\RespirationData\240425A.txt";"Start";"11:52:24";"Stop";"13:10:39"
"Saba_20241023"
"Time";"Resp Rate";"Temp 1"
"Seconds";"Resp/m";"°C"
1;92;30.1
2;90;30.1
3;87;30.1
4;84;30.1
5;80;30.1
6;75;30.1
7;73;30.0
8;72;30.0
9;64;30.0
10;57;29.9
11;56;29.9
12;50;29.9
13;46;29.9
14;42;29.9
15;39;29.8
16;39;29.8
17;38;29.8
18;38;29.8
19;38;29.8
20;39;29.8
21;39;29.7
22;39;29.7
23;40;29.7
24;40;29.8
25;41;29.8
26;41;29.8
27;42;29.8
28;42;29.8
29;42;29.8
30;42;29.8
31;44;29.8
32;45;29.8
33;45;29.8
34;47;29.8
35;48;29.8
36;50;29.8
37;50;29.8
38;51;29.8
39;51;29.8
40;51;29.8
41;53;29.8
42;54;29.8
43;54;29.8
44;54;29.7
45;56;29.7
46;56;29.7
47;58;29.7
48;60;29.7
49;60;29.7
50;61;29.7
51;62;29.7
52;62;29.7
53;63;29.7
54;64;29.8
55;63;29.8
56;65;29.8
57;66;29.8
58;66;29.8
59;67;29.8
60;67;29.8
61;67;29.8
62;68;29.8
63;69;29.8
64;69;29.8
65;69;29.8
66;69;29.8
67;69;29.8
68;70;29.8
69;69;29.8
70;70;29.8
71;70;29.8
72;69;29.8
73;70;29.8
74;70;29.8
75;71;29.8
76;71;29.8
77;71;29.8
78;71;29.8
79;72;29.8
80;72;29.8
81;72;29.8
82;73;29.8
83;72;29.8
84;73;29.8
85;74;29.8
86;74;29.8
87;74;29.7
88;74;29.8
89;74;29.8
90;74;29.7
91;73;29.7
92;73;29.7
93;73;29.7
94;73;29.7
95;72;29.7
96;72;29.8
97;73;29.7
98;74;29.7
99;75;29.7
100;75;29.8
101;76;29.7
102;77;29.7
103;78;29.7
104;79;29.7
105;79;29.7
106;79;29.7
107;79;29.7
108;79;29.7
109;78;29.7
110;79;29.7
111;78;29.7
112;78;29.7
113;78;29.7
114;78;29.7
115;78;29.7
116;79;29.7
117;79;29.7
118;79;29.7
119;80;29.7
120;81;29.7
121;82;29.7
122;83;29.7
123;83;29.7
124;83;29.7
125;84;29.7
126;84;29.7
127;85;29.7
128;85;29.7
129;85;29.7
130;85;29.7
131;86;29.7
132;86;29.7
133;86;29.7
134;86;29.7
135;86;29.7
136;87;29.7
137;87;29.7
138;88;29.7
139;89;29.7
140;90;29.7
141;91;29.7
142;91;29.7
143;92;29.7
144;92;29.7
145;92;29.7
146;92;29.7
147;91;29.7
148;92;29.7
149;91;29.7
150;91;29.7
151;91;29.7
152;91;29.7
153;91;29.7
154;90;29.7
155;91;29.7
156;90;29.7
157;90;29.7
158;90;29.7
159;91;29.7
160;90;29.7
161;91;29.7
162;91;29.7
163;91;29.7
164;91;29.7
165;91;29.7
166;91;29.8
167;91;29.7
168;91;29.7
169;91;29.7
170;92;29.7
171;92;29.7
172;93;29.7
173;93;29.7
174;94;29.7
175;96;29.7
176;97;29.8
177;98;29.8
178;98;29.8
179;98;29.8
180;98;29.8
181;99;29.8
182;98;29.8
183;97;29.8
184;97;29.8
185;96;29.8
186;96;29.8
187;96;29.8
188;96;29.8
189;96;29.8
190;97;29.8
191;97;29.8
192;98;29.8
193;98;29.8
194;100;29.8
195;101;29.8
196;102;29.8
197;104;29.8
198;106;29.8
199;108;29.8
200;110;29.8
201;112;29.8
202;113;29.9
203;114;29.8
204;115;29.9
205;116;29.9
206;118;29.9
207;121;29.9
208;124;29.9
209;126;29.9
210;129;29.9
211;131;29.9
212;133;29.9
213;135;29.9
214;137;29.9
215;137;29.9
216;137;29.9
217;139;29.9
218;140;29.9
219;141;29.9
220;140;29.9
221;141;29.9
222;141;29.9
223;142;29.9
224;142;29.9
225;142;29.9
226;142;29.9
227;144;29.9
228;145;29.9
229;145;29.9
230;144;29.9
231;143;29.9
232;141;29.9
233;140;29.9
234;139;29.9
235;138;29.9
236;137;29.9
237;135;29.9
238;135;29.9
239;133;29.9
240;133;29.9
241;132;29.9
242;131;29.9
243;130;29.9
244;128;29.9
245;128;30.0
246;127;30.0
247;126;30.0
248;125;30.0
249;124;30.0
250;123;30.0
251;121;30.0
252;121;30.0
253;120;30.0
254;119;30.0
255;119;30.0
256;118;30.0
257;118;30.0
258;117;30.0
259;115;30.0
260;113;30.0
261;112;30.0
262;111;30.0
263;110;30.0
264;109;30.0
265;108;30.1
266;108;30.1
267;107;30.1
268;106;30.1
269;104;30.1
270;103;30.1
271;102;30.1
272;101;30.1
273;100;30.1
274;100;30.1
275;99;30.1
276;98;30.1
277;98;30.1
278;98;30.1
279;97;30.1
280;97;30.1
281;96;30.1
282;95;30.1
283;95;30.1
284;94;30.1
285;94;30.1
286;93;30.1
287;92;30.1
288;92;30.1
289;92;30.1
290;91;30.1
291;91;30.2
292;91;30.2
293;90;30.2
294;90;30.2
295;89;30.2
296;89;30.2
297;89;30.2
298;88;30.2
299;88;30.2
300;87;30.2
301;87;30.2
302;86;30.2
303;88;30.2
304;88;30.2
305;88;30.3
306;88;30.3
307;88;30.3
308;89;30.3
309;89;30.3
310;89;30.3
311;88;30.3
312;87;30.3
313;86;30.3
314;86;30.4
315;86;30.4
316;86;30.4
317;87;30.4
318;87;30.4
319;87;30.4
320;87;30.4
321;87;30.4
322;88;30.4
323;89;30.4
324;88;30.4
325;87;30.4
326;87;30.4
327;87;30.4
328;88;30.4
329;88;30.4
330;87;30.4
331;87;30.4
332;87;30.4
333;88;30.4
334;89;30.4
335;90;30.4
336;90;30.5
337;90;30.5
338;90;30.5
339;90;30.5
340;90;30.5
341;89;30.5
342;88;30.5
343;88;30.5
344;88;30.5
345;88;30.5
346;89;30.5
347;90;30.6
348;90;30.6
349;90;30.5
350;90;30.5
351;90;30.6
352;89;30.6
353;89;30.6
354;88;30.6
355;88;30.6
356;88;30.6
357;88;30.6
358;89;30.6
359;89;30.6
360;89;30.6
361;88;30.6
362;88;30.6
363;88;30.6
364;89;30.6
365;88;30.6
366;88;30.6
367;88;30.6
368;88;30.6
369;88;30.6
370;89;30.6
371;88;30.6
372;88;30.6
373;89;30.6
374;89;30.7
375;90;30.7
376;90;30.6
377;90;30.7
378;90;30.7
379;91;30.7
380;91;30.7
381;90;30.7
382;90;30.7
383;90;30.7
384;91;30.7
385;91;30.8
386;91;30.7
387;92;30.8
388;92;30.8
389;93;30.8
390;93;30.8
391;93;30.8
392;92;30.8
393;92;30.8
394;92;30.8
395;91;30.8
396;90;30.8
397;89;30.8
398;90;30.8
399;90;30.8
400;90;30.8
401;90;30.8
402;90;30.8
403;90;30.8
404;91;30.8
405;91;30.8
406;91;30.8
407;91;30.8
408;91;30.8
409;91;30.8
410;91;30.8
411;91;30.8
412;90;30.8
413;91;30.8
414;91;30.8
415;91;30.8
416;92;30.9
417;92;30.8
418;93;30.9
419;92;30.9
420;93;30.9
421;93;30.9
422;92;30.9
423;92;30.9
424;91;30.9
425;91;30.9
426;91;30.9
427;91;30.9
428;91;30.9
429;91;30.9
430;91;31.0
431;92;30.9
432;91;31.0
433;91;31.0
434;91;31.0
435;90;30.9
436;90;31.0
437;90;31.0
438;90;31.0
439;90;31.0
440;90;31.0
441;90;31.0
442;90;31.0
443;91;31.0
444;91;31.0
445;92;31.0
446;92;31.0
447;91;31.0
448;91;31.0
449;92;31.0
450;91;31.0
451;91;31.0
452;91;31.0
453;90;31.0
454;89;31.0
455;89;31.1
456;89;31.0
457;89;31.1
458;89;31.1
459;89;31.1
460;90;31.1
461;90;31.1
462;90;31.1
463;91;31.1
464;90;31.1
465;91;31.1
466;91;31.1
467;91;31.1
468;90;31.1
469;90;31.1
470;90;31.1
471;90;31.1
472;91;31.1
473;91;31.1
474;90;31.1
475;90;31.1
476;90;31.1
477;90;31.1
478;90;31.1
479;89;31.1
480;89;31.2
481;89;31.1
482;89;31.1
483;90;31.2
484;88;31.2
485;89;31.2
486;89;31.2
487;89;31.2
488;90;31.2
489;90;31.2
490;90;31.2
491;89;31.2
492;90;31.2
493;90;31.2
494;90;31.2
495;90;31.2
496;90;31.2
497;90;31.2
498;90;31.2
499;90;31.3
500;89;31.2
501;90;31.3
502;90;31.2
503;90;31.2
504;89;31.3
505;89;31.3
506;89;31.3
507;89;31.3
508;88;31.3
509;88;31.3
510;88;31.3
511;88;31.3
512;89;31.3
513;89;31.3
514;89;31.3
515;89;31.3
516;89;31.3
517;89;31.3
518;88;31.3
519;87;31.3
520;87;31.3
521;86;31.3
522;87;31.3
523;87;31.3
524;87;31.3
525;87;31.3
526;87;31.3
527;86;31.3
528;87;31.3
529;88;31.3
530;87;31.3
531;86;31.3
532;86;31.3
533;86;31.3
534;87;31.3
535;87;31.3
536;87;31.3
537;86;31.3
538;86;31.3
539;86;31.4
540;87;31.3
541;86;31.4
542;86;31.4
543;86;31.4
544;86;31.4
545;86;31.4
546;86;31.4
547;86;31.4
548;87;31.4
549;87;31.4
550;86;31.4
551;86;31.4
552;86;31.4
553;86;31.4
554;86;31.4
555;86;31.4
556;86;31.4
557;86;31.5
558;86;31.4
559;86;31.5
560;86;31.5
561;85;31.5
562;85;31.5
563;85;31.5
564;84;31.5
565;84;31.5
566;84;31.5
567;83;31.5
568;84;31.5
569;84;31.5
570;84;31.5
571;84;31.5
572;84;31.5
573;84;31.5
574;84;31.5
575;84;31.5
576;84;31.5
577;83;31.5
578;83;31.5
579;83;31.5
580;83;31.5
581;84;31.5
582;83;31.5
583;84;31.5
584;84;31.5
585;84;31.5
586;84;31.5
587;83;31.5
588;83;31.5
589;83;31.5
590;83;31.5
591;83;31.5
592;83;31.5
593;83;31.5
594;83;31.5
595;84;31.5
596;84;31.5
597;84;31.5
598;84;31.5
599;84;31.5
600;85;31.6
601;84;31.5
602;84;31.5
603;84;31.6
604;84;31.6
605;84;31.6
606;84;31.6
607;85;31.6
608;85;31.6
609;86;31.6
610;86;31.6
611;86;31.6
612;85;31.6
613;85;31.6
614;85;31.6
615;85;31.6
616;85;31.6
617;85;31.6
618;85;31.6
619;85;31.6
620;85;31.6
621;85;31.6
622;86;31.6
623;86;31.6
624;86;31.7
625;86;31.7
626;87;31.7
627;87;31.7
628;87;31.7
629;88;31.7
630;88;31.7
631;89;31.7
632;88;31.7
633;88;31.7
634;88;31.7
635;88;31.7
636;88;31.7
637;88;31.7
638;88;31.7
639;88;31.7
640;88;31.7
641;88;31.7
642;88;31.7
643;87;31.7
644;87;31.7
645;86;31.7
646;86;31.8
647;85;31.8
648;86;31.8
649;86;31.8
650;86;31.8
651;86;31.8
652;86;31.8
653;86;31.8
654;86;31.8
655;86;31.8
656;86;31.8
657;86;31.8
658;86;31.8
659;86;31.8
660;86;31.8
661;86;31.8
662;86;31.8
663;86;31.8
664;86;31.8
665;85;31.8
666;85;31.8
667;85;31.8
668;85;31.8
669;85;31.8
670;85;31.8
671;85;31.8
672;84;31.8
673;85;31.8
674;85;31.8
675;85;31.8
676;85;31.8
677;85;31.8
678;84;31.8
679;84;31.8
680;84;31.8
681;84;31.8
682;84;31.8
683;84;31.8
684;84;31.8
685;84;31.8
686;85;31.8
687;85;31.8
688;85;31.8
689;85;31.8
690;85;31.8
691;85;31.8
692;85;31.8
693;84;31.8
694;84;31.8
695;84;31.8
696;83;31.8
697;83;31.8
698;83;31.8
699;83;31.9
700;82;31.9
701;82;31.8
702;82;31.9
703;81;31.9
704;81;31.8
705;81;31.9
706;80;31.8
707;81;31.8
708;80;31.9
709;80;31.8
710;80;31.9
711;80;31.9
712;81;31.9
713;80;31.9
714;81;31.9
715;80;31.9
716;81;31.9
717;81;31.9
718;81;31.9
719;81;31.9
720;80;31.9
721;81;31.9
722;80;31.9
723;80;31.9
724;80;31.9
725;79;31.9
726;79;31.9
727;79;31.9
728;80;31.9
729;79;32.0
730;79;32.0
731;80;32.0
732;80;32.0
733;80;32.0
734;80;32.0
735;80;32.0
736;80;32.0
737;80;32.0
738;81;32.0
739;81;32.0
740;81;32.0
741;81;32.0
742;81;32.0
743;81;32.0
744;81;32.0
745;81;32.0
746;80;32.0
747;81;32.0
748;80;32.0
749;80;32.0
750;80;32.0
751;80;32.0
752;80;32.0
753;80;32.0
754;80;32.0
755;80;32.0
756;80;32.0
757;79;32.0
758;79;32.0
759;79;32.0
760;79;32.0
761;79;32.0
762;79;32.0
763;80;32.0
764;80;32.0
765;80;32.0
766;80;32.0
767;80;32.0
768;80;32.0
769;81;32.0
770;80;32.0
771;80;32.0
772;80;32.0
773;80;32.0
774;80;32.0
775;80;32.0
776;80;32.0
777;80;32.0
778;80;32.0
779;80;32.0
780;80;32.0
781;79;32.0
782;79;32.0
783;80;32.0
784;80;32.0
785;80;32.0
786;79;32.1
787;79;32.0
788;79;32.0
789;80;32.0
790;79;32.0
791;80;32.0
792;79;32.1
793;79;32.0
794;80;32.0
795;80;32.1
796;80;32.1
797;80;32.1
798;80;32.1
799;79;32.1
800;80;32.1
801;80;32.1
802;79;32.1
803;79;32.1
804;79;32.1
805;79;32.1
806;79;32.1
807;79;32.1
808;79;32.1
809;78;32.1
810;78;32.1
811;78;32.1
812;78;32.1
813;78;32.1
814;78;32.1
815;77;32.1
816;77;32.1
817;77;32.1
818;77;32.2
819;78;32.2
820;78;32.1
821;78;32.2
822;78;32.1
823;78;32.1
824;78;32.2
825;78;32.2
826;78;32.1
827;78;32.1
828;77;32.1
829;77;32.1
830;77;32.1
831;77;32.2
832;76;32.2
833;76;32.2
834;76;32.2
835;75;32.2
836;75;32.2
837;76;32.2
838;75;32.2
839;75;32.2
840;75;32.2
841;75;32.2
842;75;32.2
843;75;32.2
844;75;32.2
845;75;32.2
846;75;32.2
847;76;32.2
848;75;32.2
849;76;32.2
850;75;32.2
851;75;32.2
852;75;32.2
853;75;32.2
854;74;32.2
855;74;32.2
856;74;32.2
857;74;32.2
858;74;32.2
859;75;32.2
860;75;32.2
861;74;32.2
862;74;32.2
863;74;32.2
864;74;32.2
865;74;32.2
866;73;32.2
867;73;32.2
868;73;32.2
869;73;32.2
870;73;32.2
871;73;32.2
872;73;32.2
873;72;32.2
874;72;32.2
875;72;32.2
876;71;32.2
877;72;32.2
878;72;32.2
879;72;32.2
880;71;32.2
881;72;32.2
882;71;32.2
883;71;32.2
884;71;32.2
885;71;32.2
886;70;32.2
887;71;32.2
888;71;32.2
889;71;32.2
890;71;32.2
891;72;32.3
892;72;32.2
893;72;32.2
894;72;32.2
895;71;32.2
896;71;32.2
897;70;32.2
898;71;32.2
899;70;32.2
900;70;32.2
901;70;32.2
902;70;32.2
903;71;32.3
904;71;32.2
905;70;32.2
906;70;32.2
907;70;32.3
908;71;32.3
909;71;32.3
910;70;32.3
911;70;32.3
912;70;32.3
913;70;32.3
914;70;32.3
915;70;32.3
916;70;32.3
917;69;32.3
918;70;32.3
919;69;32.3
920;69;32.3
921;68;32.3
922;69;32.3
923;69;32.3
924;69;32.3
925;68;32.3
926;68;32.3
927;68;32.3
928;68;32.3
929;68;32.3
930;67;32.3
931;67;32.3
932;67;32.3
933;67;32.3
934;66;32.3
935;66;32.3
936;66;32.3
937;66;32.3
938;66;32.3
939;66;32.3
940;66;32.3
941;65;32.3
942;66;32.3
943;65;32.4
944;65;32.4
945;65;32.4
946;65;32.3
947;65;32.4
948;65;32.4
949;65;32.3
950;65;32.4
951;65;32.4
952;65;32.3
953;65;32.4
954;64;32.4
955;65;32.4
956;63;32.4
957;64;32.4
958;64;32.4
959;64;32.4
960;64;32.4
961;64;32.4
962;64;32.4
963;63;32.4
964;64;32.4
965;64;32.4
966;63;32.4
967;62;32.4
968;63;32.4
969;62;32.4
970;62;32.4
971;62;32.4
972;62;32.4
973;62;32.4
974;62;32.4
975;63;32.4
976;62;32.4
977;63;32.4
978;63;32.4
979;63;32.4
980;63;32.4
981;63;32.4
982;63;32.4
983;63;32.4
984;64;32.4
985;64;32.4
986;64;32.4
987;64;32.4
988;64;32.5
989;64;32.5
990;64;32.5
991;64;32.5
992;63;32.5
993;63;32.5
994;63;32.4
995;63;32.5
996;63;32.4
997;62;32.5
998;62;32.5
999;62;32.5
1000;62;32.5
1001;62;32.5
1002;62;32.5
1003;62;32.5
1004;62;32.5
1005;63;32.5
1006;62;32.5
1007;62;32.5
1008;62;32.5
1009;62;32.5
1010;62;32.5
1011;62;32.5
1012;62;32.5
1013;62;32.5
1014;63;32.5
1015;62;32.5
1016;62;32.5
1017;63;32.5
1018;62;32.5
1019;62;32.5
1020;62;32.5
1021;62;32.5
1022;62;32.5
1023;63;32.5
1024;63;32.5
1025;62;32.5
1026;63;32.5
1027;63;32.5
1028;64;32.5
1029;64;32.5
1030;64;32.5
1031;64;32.5
1032;64;32.5
1033;64;32.5
1034;64;32.5
1035;64;32.5
1036;64;32.5
1037;64;32.5
1038;64;32.5
1039;64;32.5
1040;64;32.5
1041;64;32.5
1042;63;32.5
1043;63;32.5
1044;64;32.5
1045;64;32.5
1046;64;32.5
1047;64;32.5
1048;64;32.5
1049;64;32.5
1050;65;32.5
1051;66;32.5
1052;66;32.5
1053;66;32.5
1054;66;32.5
1055;65;32.5
1056;65;32.5
1057;65;32.5
1058;65;32.5
1059;64;32.5
1060;64;32.5
1061;64;32.5
1062;64;32.5
1063;64;32.5
1064;65;32.5
1065;64;32.5
1066;64;32.5
1067;64;32.5
1068;64;32.5
1069;65;32.5
1070;65;32.5
1071;65;32.5
1072;65;32.5
1073;65;32.5
1074;65;32.5
1075;66;32.5
1076;66;32.5
1077;66;32.5
1078;66;32.5
1079;66;32.5
1080;66;32.5
1081;66;32.5
1082;66;32.5
1083;66;32.5
1084;65;32.5
1085;65;32.5
1086;66;32.5
1087;65;32.5
1088;65;32.5
1089;65;32.5
1090;65;32.5
1091;65;32.5
1092;65;32.5
1093;65;32.5
1094;65;32.5
1095;65;32.6
1096;66;32.5
1097;66;32.5
1098;65;32.5
1099;65;32.5
1100;66;32.5
1101;65;32.5
1102;66;32.5
1103;66;32.5
1104;66;32.5
1105;66;32.5
1106;67;32.5
1107;67;32.5
1108;67;32.5
1109;68;32.5
1110;68;32.6
1111;68;32.6
1112;68;32.6
1113;68;32.6
1114;69;32.6
1115;68;32.5
1116;69;32.5
1117;69;32.5
1118;69;32.6
1119;68;32.6
1120;68;32.5
1121;68;32.6
1122;68;32.6
1123;68;32.6
1124;68;32.6
1125;68;32.6
1126;68;32.6
1127;68;32.6
1128;68;32.6
1129;68;32.6
1130;68;32.6
1131;68;32.6
1132;67;32.6
1133;67;32.6
1134;67;32.6
1135;67;32.6
1136;68;32.6
1137;68;32.6
1138;68;32.6
1139;69;32.6
1140;69;32.6
1141;69;32.6
1142;69;32.6
1143;69;32.6
1144;69;32.6
1145;69;32.6
1146;69;32.6
1147;69;32.7
1148;69;32.7
1149;70;32.6
1150;69;32.6
1151;70;32.6
1152;69;32.6
1153;69;32.6
1154;69;32.6
1155;69;32.6
1156;69;32.6
1157;69;32.6
1158;69;32.6
1159;69;32.6
1160;70;32.7
1161;70;32.7
1162;69;32.7
1163;70;32.7
1164;70;32.7
1165;69;32.7
1166;70;32.7
1167;70;32.7
1168;70;32.7
1169;70;32.7
1170;70;32.7
1171;70;32.7
1172;70;32.7
1173;70;32.7
1174;70;32.7
1175;71;32.7
1176;70;32.7
1177;70;32.7
1178;70;32.7
1179;70;32.7
1180;70;32.7
1181;70;32.7
1182;70;32.7
1183;70;32.7
1184;70;32.7
1185;69;32.7
1186;69;32.7
1187;69;32.7
1188;68;32.7
1189;68;32.7
1190;67;32.7
1191;67;32.7
1192;67;32.7
1193;67;32.7
1194;68;32.7
1195;68;32.7
1196;68;32.7
1197;67;32.7
1198;68;32.7
1199;68;32.7
1200;67;32.7
1201;67;32.7
1202;67;32.7
1203;67;32.7
1204;66;32.7
1205;67;32.7
1206;67;32.7
1207;68;32.7
1208;67;32.7
1209;68;32.7
1210;67;32.7
1211;68;32.7
1212;68;32.7
1213;67;32.7
1214;67;32.7
1215;67;32.7
1216;68;32.7
1217;68;32.7
1218;69;32.7
1219;68;32.7
1220;68;32.7
1221;68;32.7
1222;69;32.7
1223;69;32.7
1224;69;32.7
1225;70;32.7
1226;70;32.7
1227;70;32.7
1228;70;32.7
1229;70;32.7
1230;71;32.7
1231;71;32.7
1232;71;32.7
1233;71;32.7
1234;71;32.7
1235;71;32.7
1236;71;32.7
1237;71;32.7
1238;71;32.7
1239;71;32.7
1240;71;32.7
1241;71;32.7
1242;71;32.8
1243;71;32.8
1244;71;32.8
1245;72;32.8
1246;71;32.8
1247;71;32.8
1248;71;32.7
1249;71;32.8
1250;71;32.7
1251;71;32.8
1252;70;32.7
1253;70;32.7
1254;70;32.7
1255;70;32.8
1256;70;32.8
1257;70;32.8
1258;69;32.8
1259;69;32.8
1260;69;32.8
1261;69;32.8
1262;69;32.8
1263;69;32.8
1264;69;32.8
1265;69;32.8
1266;69;32.8
1267;70;32.8
1268;70;32.8
1269;70;32.8
1270;70;32.8
1271;70;32.8
1272;71;32.8
1273;71;32.8
1274;71;32.8
1275;71;32.8
1276;71;32.8
1277;70;32.8
1278;70;32.8
1279;70;32.8
1280;70;32.8
1281;69;32.8
1282;69;32.8
1283;69;32.8
1284;69;32.8
1285;69;32.8
1286;69;32.8
1287;69;32.8
1288;69;32.8
1289;70;32.8
1290;70;32.8
1291;70;32.8
1292;70;32.8
1293;70;32.8
1294;71;32.8
1295;71;32.8
1296;71;32.8
1297;71;32.8
1298;71;32.8
1299;72;32.9
1300;72;32.8
1301;73;32.8
1302;73;32.8
1303;74;32.8
1304;73;32.8
1305;74;32.9
1306;73;32.9
1307;73;32.9
1308;74;32.9
1309;74;32.9
1310;74;32.8
1311;74;32.9
1312;74;32.8
1313;74;32.8
1314;75;32.9
1315;75;32.9
1316;75;32.9
1317;75;32.9
1318;75;32.9
1319;75;32.9
1320;75;32.9
1321;75;32.9
1322;76;32.9
1323;76;32.9
1324;76;32.9
1325;76;32.9
1326;76;32.9
1327;75;32.9
1328;75;32.9
1329;75;32.9
1330;75;32.9
1331;75;32.9
1332;74;32.9
1333;75;32.9
1334;74;32.9
1335;74;32.9
1336;74;32.9
1337;73;32.9
1338;73;32.9
1339;73;32.9
1340;73;32.9
1341;72;32.9
1342;72;32.9
1343;72;32.9
1344;72;32.9
1345;73;32.9
1346;73;32.9
1347;73;32.9
1348;73;32.9
1349;73;32.9
1350;73;32.9
1351;73;32.9
1352;73;32.9
1353;72;32.9
1354;72;32.9
1355;72;32.9
1356;72;32.9
1357;71;32.9
1358;71;32.9
1359;70;32.9
1360;70;32.9
1361;70;32.9
1362;70;32.9
1363;70;32.9
1364;70;32.9
1365;70;32.9
1366;70;32.9
1367;70;32.9
1368;70;32.9
1369;70;32.9
1370;70;32.9
1371;70;32.9
1372;69;32.9
1373;69;32.9
1374;69;32.9
1375;69;32.9
1376;68;32.9
1377;68;32.9
1378;68;32.9
1379;68;32.9
1380;68;32.9
1381;68;32.9
1382;68;32.9
1383;68;32.9
1384;68;32.9
1385;68;32.9
1386;68;32.9
1387;68;32.9
1388;68;32.9
1389;68;32.9
1390;68;32.9
1391;68;32.9
1392;69;32.9
1393;68;32.9
1394;68;32.9
1395;68;32.9
1396;68;32.9
1397;68;32.9
1398;67;32.9
1399;67;32.9
1400;67;32.9
1401;67;32.9
1402;67;32.9
1403;68;32.9
1404;68;32.9
1405;69;32.9
1406;69;32.9
1407;68;32.9
1408;68;32.9
1409;67;32.9
1410;67;32.9
1411;67;32.9
1412;67;32.9
1413;66;32.9
1414;66;32.9
1415;66;32.9
1416;66;32.9
1417;67;32.9
1418;67;32.9
1419;67;32.9
1420;67;32.9
1421;67;32.9
1422;67;32.9
1423;67;32.9
1424;67;32.9
1425;66;32.9
1426;67;32.9
1427;67;32.9
1428;67;33.0
1429;67;33.0
1430;67;33.0
1431;67;32.9
1432;67;33.0
1433;67;32.9
1434;66;32.9
1435;66;32.9
1436;66;32.9
1437;66;32.9
1438;67;32.9
1439;67;32.9
1440;67;32.9
1441;67;32.9
1442;67;32.9
1443;67;33.0
1444;68;33.0
1445;68;33.0
1446;68;33.0
1447;68;33.0
1448;67;33.0
1449;67;33.0
1450;68;33.0
1451;68;33.0
1452;68;33.0
1453;68;33.0
1454;68;33.0
1455;68;33.0
1456;68;33.0
1457;68;33.0
1458;68;33.0
1459;68;33.0
1460;68;33.0
1461;68;33.0
1462;68;33.0
1463;69;33.0
1464;69;33.0
1465;70;33.0
1466;70;33.0
1467;70;33.0
1468;70;33.0
1469;71;33.0
1470;71;33.0
1471;71;33.0
1472;71;33.0
1473;70;33.0
1474;70;33.0
1475;71;33.0
1476;71;33.0
1477;69;33.0
1478;69;33.0
1479;69;33.0
1480;69;33.0
1481;69;33.0
1482;69;33.0
1483;69;33.0
1484;69;33.0
1485;70;33.0
1486;69;33.0
1487;69;33.0
1488;69;33.0
1489;69;33.0
1490;69;33.0
1491;69;33.0
1492;69;33.0
1493;69;33.0
1494;69;33.0
1495;69;33.0
1496;68;33.0
1497;68;33.0
1498;67;33.0
1499;67;33.0
1500;68;33.0
1501;68;33.0
1502;68;33.0
1503;68;33.0
1504;68;33.0
1505;68;33.1
1506;68;33.1
1507;68;33.1
1508;68;33.0
1509;68;33.0
1510;69;33.1
1511;69;33.1
1512;69;33.1
1513;69;33.1
1514;70;33.1
1515;70;33.1
1516;70;33.1
1517;70;33.1
1518;70;33.1
1519;70;33.1
1520;71;33.1
1521;71;33.1
1522;71;33.1
1523;70;33.1
1524;70;33.1
1525;69;33.1
1526;69;33.1
1527;69;33.1
1528;69;33.1
1529;70;33.1
1530;70;33.1
1531;70;33.1
1532;70;33.1
1533;71;33.1
1534;71;33.1
1535;71;33.1
1536;71;33.1
1537;71;33.1
1538;71;33.1
1539;71;33.1
1540;71;33.1
1541;70;33.1
1542;70;33.1
1543;70;33.1
1544;70;33.1
1545;70;33.1
1546;70;33.1
1547;68;33.1
1548;68;33.1
1549;68;33.1
1550;69;33.2
1551;69;33.1
1552;68;33.1
1553;68;33.1
1554;68;33.1
1555;68;33.2
1556;69;33.1
1557;69;33.1
1558;69;33.1
1559;69;33.1
1560;69;33.1
1561;69;33.1
1562;70;33.1
1563;70;33.2
1564;69;33.2
1565;69;33.2
1566;70;33.2
1567;70;33.2
1568;69;33.2
1569;69;33.2
1570;69;33.2
1571;69;33.2
1572;70;33.2
1573;70;33.2
1574;70;33.2
1575;70;33.2
1576;71;33.2
1577;71;33.2
1578;72;33.2
1579;72;33.2
1580;72;33.2
1581;72;33.2
1582;72;33.2
1583;72;33.2
1584;72;33.2
1585;72;33.2
1586;72;33.2
1587;71;33.2
1588;71;33.2
1589;72;33.2
1590;72;33.2
1591;72;33.2
1592;72;33.2
1593;73;33.2
1594;73;33.2
1595;73;33.2
1596;73;33.2
1597;72;33.2
1598;72;33.2
1599;72;33.2
1600;72;33.2
1601;72;33.2
1602;72;33.2
1603;72;33.2
1604;72;33.2
1605;72;33.2
1606;72;33.2
1607;72;33.2
1608;72;33.2
1609;71;33.2
1610;71;33.2
1611;71;33.2
1612;71;33.2
1613;71;33.2
1614;71;33.2
1615;71;33.2
1616;71;33.2
1617;71;33.2
1618;70;33.2
1619;70;33.2
1620;69;33.2
1621;69;33.2
1622;69;33.2
1623;69;33.2
1624;68;33.2
1625;68;33.2
1626;67;33.2
1627;67;33.2
1628;68;33.2
1629;68;33.2
1630;68;33.2
1631;68;33.2
1632;68;33.2
1633;68;33.2
1634;68;33.2
1635;68;33.2
1636;68;33.2
1637;68;33.2
1638;68;33.2
1639;68;33.2
1640;68;33.2
1641;68;33.2
1642;68;33.2
1643;69;33.2
1644;69;33.2
1645;68;33.2
1646;68;33.2
1647;68;33.2
1648;68;33.2
1649;68;33.2
1650;68;33.2
1651;67;33.2
1652;67;33.2
1653;67;33.2
1654;67;33.2
1655;68;33.2
1656;68;33.2
1657;67;33.2
1658;67;33.2
1659;67;33.2
1660;67;33.2
1661;69;33.2
1662;69;33.2
1663;69;33.2
1664;69;33.2
1665;70;33.2
1666;70;33.2
1667;69;33.2
1668;69;33.2
1669;69;33.2
1670;69;33.2
1671;69;33.2
1672;69;33.2
1673;68;33.2
1674;69;33.2
1675;69;33.2
1676;70;33.2
1677;70;33.2
1678;70;33.2
1679;70;33.2
1680;70;33.2
1681;70;33.2
1682;70;33.2
1683;70;33.2
1684;68;33.2
1685;68;33.2
1686;67;33.2
1687;67;33.2
1688;67;33.2
1689;67;33.2
1690;68;33.2
1691;68;33.2
1692;68;33.2
1693;68;33.2
1694;68;33.2
1695;68;33.2
1696;69;33.2
1697;69;33.2
1698;68;33.2
1699;69;33.2
1700;70;33.2
1701;70;33.2
1702;71;33.2
1703;70;33.2
1704;70;33.2
1705;71;33.2
1706;71;33.2
1707;71;33.2
1708;71;33.2
1709;72;33.2
1710;72;33.2
1711;72;33.2
1712;72;33.2
1713;73;33.2
1714;73;33.2
1715;74;33.2
1716;74;33.2
1717;75;33.2
1718;75;33.2
1719;77;33.2
1720;77;33.2
1721;77;33.2
1722;77;33.2
1723;77;33.2
1724;77;33.2
1725;77;33.2
1726;77;33.2
1727;76;33.2
1728;76;33.2
1729;76;33.2
1730;76;33.2
1731;76;33.2
1732;76;33.2
1733;76;33.3
1734;75;33.3
1735;75;33.2
1736;74;33.3
1737;74;33.3
1738;73;33.3
1739;73;33.2
1740;73;33.2
1741;73;33.2
1742;72;33.2
1743;72;33.2
1744;71;33.2
1745;71;33.2
1746;71;33.2
1747;71;33.2
1748;70;33.3
1749;70;33.2
1750;72;33.3
1751;72;33.2
1752;73;33.3
1753;73;33.3
1754;73;33.2
1755;73;33.2
1756;75;33.3
1757;75;33.2
1758;75;33.2
1759;76;33.3
1760;77;33.2
1761;78;33.2
1762;78;33.2
1763;79;33.3
1764;80;33.3
1765;80;33.3
1766;80;33.3
1767;80;33.3
1768;79;33.3
1769;79;33.3
1770;79;33.3
1771;79;33.3
1772;79;33.3
1773;79;33.3
1774;79;33.3
1775;80;33.3
1776;80;33.3
1777;82;33.3
1778;82;33.3
1779;83;33.3
1780;83;33.3
1781;84;33.3
1782;84;33.3
1783;85;33.3
1784;85;33.3
1785;84;33.3
1786;84;33.3
1787;84;33.3
1788;84;33.3
1789;83;33.3
1790;83;33.3
1791;83;33.3
1792;83;33.3
1793;84;33.3
1794;84;33.3
1795;85;33.3
1796;85;33.3
1797;85;33.3
1798;85;33.3
1799;84;33.3
1800;84;33.3
1801;83;33.3
1802;83;33.3
1803;82;33.3
1804;82;33.3
1805;82;33.3
1806;81;33.3
1807;81;33.3
1808;80;33.3
1809;80;33.3
1810;80;33.3
1811;80;33.3
1812;80;33.3
1813;80;33.3
1814;79;33.4
1815;79;33.3
1816;80;33.3
1817;79;33.3
1818;79;33.3
1819;78;33.3
1820;78;33.3
1821;78;33.4
1822;78;33.4
1823;77;33.3
1824;77;33.3
1825;76;33.4
1826;76;33.4
1827;76;33.4
1828;75;33.4
1829;75;33.4
1830;76;33.3
1831;76;33.3
1832;76;33.4
1833;75;33.3
1834;75;33.3
1835;75;33.4
1836;75;33.3
1837;75;33.4
1838;75;33.4
1839;74;33.3
1840;74;33.4
1841;73;33.4
1842;73;33.4
1843;73;33.4
1844;73;33.4
1845;73;33.3
1846;73;33.4
1847;74;33.4
1848;74;33.4
1849;74;33.4
1850;75;33.4
1851;75;33.4
1852;75;33.4
1853;75;33.4
1854;74;33.4
1855;75;33.4
1856;76;33.4
1857;76;33.4
1858;75;33.4
1859;76;33.4
1860;76;33.4
1861;76;33.4
1862;76;33.4
1863;75;33.4
1864;75;33.4
1865;76;33.4
1866;76;33.4
1867;76;33.4
1868;76;33.4
1869;76;33.4
1870;77;33.4
1871;77;33.4
1872;77;33.4
1873;77;33.4
1874;76;33.4
1875;76;33.4
1876;76;33.4
1877;76;33.4
1878;75;33.4
1879;74;33.4
1880;74;33.4
1881;75;33.4
1882;75;33.4
1883;75;33.4
1884;74;33.4
1885;75;33.4
1886;75;33.4
1887;75;33.4
1888;75;33.4
1889;75;33.4
1890;75;33.4
1891;75;33.4
1892;77;33.4
1893;76;33.4
1894;76;33.4
1895;76;33.4
1896;76;33.4
1897;77;33.4
1898;77;33.4
1899;77;33.4
1900;77;33.4
1901;77;33.4
1902;77;33.4
1903;78;33.4
1904;78;33.4
1905;78;33.4
1906;78;33.4
1907;79;33.4
1908;79;33.4
1909;80;33.4
1910;81;33.4
1911;83;33.4
1912;84;33.4
1913;85;33.4
1914;86;33.4
1915;86;33.4
1916;88;33.4
1917;88;33.4
1918;88;33.4
1919;88;33.4
1920;89;33.4
1921;90;33.4
1922;92;33.4
1923;92;33.4
1924;93;33.4
1925;94;33.4
1926;95;33.4
1927;96;33.4
1928;96;33.4
1929;96;33.4
1930;96;33.4
1931;96;33.4
1932;97;33.4
1933;97;33.4
1934;97;33.4
1935;98;33.4
1936;99;33.4
1937;98;33.4
1938;98;33.4
1939;98;33.4
1940;99;33.4
1941;102;33.4
1942;105;33.4
1943;106;33.4
1944;108;33.4
1945;113;33.4
1946;118;33.4
1947;122;33.4
1948;127;33.4
1949;129;33.4
1950;131;33.4
1951;133;33.4
1952;135;33.4
1953;135;33.4
1954;133;33.4
1955;132;33.4
1956;130;33.4
1957;128;33.4
1958;127;33.4
1959;125;33.4
1960;123;33.4
1961;122;33.4
1962;120;33.4
1963;117;33.4
1964;117;33.4
1965;114;33.4
1966;112;33.4
1967;111;33.4
1968;111;33.4
1969;110;33.4
1970;111;33.4
1971;112;33.4
1972;113;33.4
1973;114;33.4
1974;114;33.4
1975;113;33.4
1976;112;33.4
1977;112;33.4
1978;112;33.4
1979;112;33.4
1980;112;33.4
1981;112;33.4
1982;113;33.4
1983;113;33.4
1984;113;33.4
1985;114;33.5
1986;114;33.4
1987;114;33.5
1988;113;33.5
1989;112;33.4
1990;112;33.4
1991;113;33.5
1992;114;33.4
1993;114;33.4
1994;115;33.5
1995;116;33.4
1996;117;33.4
1997;119;33.5
1998;119;33.5
1999;118;33.5
2000;117;33.5
2001;116;33.5
2002;115;33.5
2003;115;33.5
2004;116;33.5
2005;116;33.5
2006;116;33.5
2007;117;33.5
2008;119;33.5
2009;120;33.5
2010;121;33.5
2011;122;33.5
2012;122;33.5
2013;121;33.5
2014;120;33.5
2015;120;33.5
2016;119;33.5
2017;120;33.5
2018;119;33.5
2019;119;33.5
2020;119;33.5
2021;120;33.5
2022;122;33.5
2023;122;33.5
2024;123;33.5
2025;123;33.5
2026;123;33.5
2027;123;33.5
2028;123;33.6
2029;121;33.5
2030;122;33.5
2031;122;33.5
2032;122;33.5
2033;123;33.5
2034;123;33.5
2035;124;33.6
2036;124;33.5
2037;126;33.5
2038;125;33.6
2039;124;33.6
2040;123;33.5
2041;123;33.6
2042;124;33.5
2043;124;33.5
2044;123;33.6
2045;123;33.6
2046;123;33.5
2047;124;33.5
2048;125;33.6
2049;125;33.6
2050;125;33.6
2051;125;33.6
2052;125;33.6
2053;125;33.6
2054;125;33.6
2055;123;33.6
2056;122;33.6
2057;122;33.6
2058;122;33.6
2059;121;33.6
2060;121;33.6
2061;122;33.6
2062;123;33.6
2063;124;33.6
2064;126;33.6
2065;126;33.6
2066;126;33.6
2067;126;33.6
2068;126;33.6
2069;125;33.6
2070;124;33.6
2071;124;33.6
2072;124;33.6
2073;123;33.6
2074;124;33.6
2075;124;33.6
2076;124;33.6
2077;124;33.6
2078;125;33.6
2079;124;33.6
2080;125;33.6
2081;124;33.6
2082;123;33.6
2083;123;33.6
2084;123;33.6
2085;123;33.6
2086;122;33.6
2087;122;33.6
2088;122;33.6
2089;122;33.6
2090;122;33.6
2091;122;33.6
2092;122;33.6
2093;122;33.6
2094;122;33.6
2095;122;33.6
2096;122;33.6
2097;121;33.6
2098;122;33.6
2099;121;33.6
2100;121;33.6
2101;121;33.6
2102;122;33.6
2103;122;33.6
2104;121;33.6
2105;121;33.6
2106;121;33.6
2107;121;33.6
2108;122;33.6
2109;122;33.6
2110;122;33.6
2111;122;33.6
2112;123;33.6
2113;123;33.6
2114;122;33.6
2115;122;33.6
2116;122;33.6
2117;121;33.6
2118;121;33.6
2119;121;33.6
2120;120;33.6
2121;120;33.6
2122;120;33.6
2123;120;33.6
2124;120;33.6
2125;120;33.6
2126;120;33.6
2127;119;33.6
2128;120;33.6
2129;120;33.6
2130;121;33.6
2131;121;33.6
2132;121;33.6
2133;122;33.6
2134;122;33.6
2135;123;33.6
2136;123;33.6
2137;124;33.6
2138;124;33.6
2139;124;33.6
2140;124;33.6
2141;123;33.6
2142;122;33.6
2143;122;33.6
2144;122;33.6
2145;121;33.6
2146;120;33.6
2147;120;33.7
2148;120;33.7
2149;120;33.6
2150;120;33.7
2151;120;33.7
2152;120;33.7
2153;120;33.6
2154;120;33.7
2155;120;33.7
2156;120;33.7
2157;120;33.6
2158;120;33.7
2159;119;33.7
2160;119;33.7
2161;118;33.7
2162;119;33.7
2163;119;33.7
2164;120;33.7
2165;120;33.7
2166;120;33.7
2167;122;33.7
2168;122;33.7
2169;123;33.7
2170;124;33.7
2171;123;33.7
2172;123;33.7
2173;123;33.7
2174;123;33.7
2175;122;33.7
2176;121;33.7
2177;121;33.7
2178;120;33.7
2179;120;33.7
2180;120;33.7
2181;121;33.7
2182;121;33.7
2183;121;33.7
2184;121;33.7
2185;121;33.7
2186;121;33.7
2187;120;33.7
2188;120;33.7
2189;119;33.7
2190;118;33.7
2191;119;33.7
2192;118;33.7
2193;118;33.7
2194;117;33.7
2195;118;33.7
2196;118;33.7
2197;118;33.7
2198;118;33.7
2199;117;33.7
2200;117;33.7
2201;117;33.7
2202;117;33.7
2203;116;33.7
2204;116;33.7
2205;116;33.7
2206;116;33.7
2207;117;33.7
2208;117;33.7
2209;118;33.7
2210;118;33.7
2211;119;33.8
2212;119;33.7
2213;120;33.7
2214;120;33.7
2215;119;33.7
2216;118;33.7
2217;119;33.8
2218;118;33.7
2219;116;33.7
2220;116;33.8
2221;114;33.7
2222;113;33.8
2223;113;33.8
2224;112;33.8
2225;111;33.8
2226;111;33.8
2227;112;33.8
2228;112;33.8
2229;113;33.7
2230;114;33.8
2231;115;33.8
2232;115;33.7
2233;116;33.8
2234;117;33.8
2235;117;33.8
2236;117;33.8
2237;117;33.8
2238;116;33.8
2239;116;33.8
2240;115;33.8
2241;116;33.8
2242;115;33.8
2243;115;33.8
2244;115;33.8
2245;115;33.8
2246;116;33.8
2247;116;33.8
2248;116;33.8
2249;116;33.8
2250;115;33.8
2251;114;33.8
2252;114;33.8
2253;114;33.8
2254;113;33.8
2255;113;33.8
2256;113;33.8
2257;112;33.8
2258;112;33.8
2259;112;33.8
2260;112;33.8
2261;112;33.8
2262;112;33.8
2263;111;33.8
2264;110;33.8
2265;111;33.8
2266;111;33.8
2267;111;33.8
2268;111;33.8
2269;112;33.8
2270;113;33.8
2271;114;33.8
2272;114;33.8
2273;115;33.8
2274;116;33.8
2275;117;33.8
2276;118;33.8
2277;119;33.8
2278;119;33.8
2279;119;33.8
2280;119;33.8
2281;119;33.8
2282;118;33.8
2283;118;33.8
2284;118;33.8
2285;118;33.8
2286;118;33.8
2287;118;33.8
2288;118;33.8
2289;118;33.8
2290;119;33.8
2291;119;33.8
2292;118;33.8
2293;118;33.8
2294;119;33.8
2295;119;33.8
2296;119;33.8
2297;119;33.8
2298;118;33.8
2299;118;33.8
2300;118;33.8
2301;118;33.8
2302;117;33.8
2303;116;33.8
2304;116;33.8
2305;116;33.8
2306;116;33.8
2307;117;33.8
2308;118;33.8
2309;119;33.8
2310;119;33.8
2311;119;33.8
2312;119;33.8
2313;120;33.8
2314;119;33.8
2315;118;33.8
2316;117;33.8
2317;116;33.8
2318;114;33.8
2319;113;33.8
2320;113;33.8
2321;113;33.8
2322;114;33.8
2323;114;33.8
2324;114;33.8
2325;115;33.8
2326;116;33.8
2327;117;33.8
2328;118;33.8
2329;118;33.8
2330;118;33.8
2331;118;33.8
2332;119;33.8
2333;118;33.8
2334;119;33.8
2335;119;33.8
2336;119;33.8
2337;119;33.8
2338;119;33.8
2339;120;33.8
2340;120;33.8
2341;121;33.8
2342;120;33.8
2343;120;33.8
2344;121;33.8
2345;121;33.8
2346;121;33.8
2347;121;33.8
2348;121;33.8
2349;122;33.8
2350;123;33.8
2351;123;33.8
2352;124;33.8
2353;124;33.8
2354;124;33.8
2355;125;33.8
2356;125;33.8
2357;126;33.8
2358;126;33.8
2359;127;33.8
2360;129;33.8
2361;131;33.8
2362;134;33.8
2363;135;33.8
2364;137;33.8
2365;138;33.8
2366;140;33.8
2367;141;33.8
2368;141;33.9
2369;140;33.8
2370;140;33.8
2371;138;33.8
2372;137;33.8
2373;136;33.8
2374;135;33.8
2375;133;33.8
2376;132;33.8
2377;130;33.8
2378;129;33.8
2379;127;33.8
2380;126;33.8
2381;125;33.8
2382;124;33.8
2383;123;33.8
2384;124;33.8
2385;123;33.8
2386;122;33.8
2387;121;33.8
2388;121;33.8
2389;120;33.8
2390;120;33.8
2391;119;33.9
2392;118;33.8
2393;117;33.8
2394;118;33.8
2395;116;33.8
2396;116;33.8
2397;116;33.8
2398;115;33.8
2399;116;33.8
2400;116;33.8
2401;116;33.8
2402;117;33.8
2403;117;33.8
2404;117;33.8
2405;117;33.9
2406;117;33.8
2407;117;33.9
2408;117;33.8
2409;117;33.9
2410;116;33.9
2411;116;33.8
2412;116;33.9
2413;116;33.9
2414;116;33.9
2415;116;33.8
2416;117;33.9
2417;116;33.9
2418;117;33.9
2419;118;33.9
2420;118;33.9
2421;118;33.9
2422;119;33.8
2423;120;33.9
2424;120;33.9
2425;120;33.9
2426;120;33.9
2427;121;33.9
2428;121;33.9
2429;121;33.9
2430;121;33.9
2431;121;33.9
2432;121;33.9
2433;122;33.9
2434;122;33.9
2435;122;33.9
2436;123;33.9
2437;123;33.9
2438;122;33.9
2439;123;33.9
2440;123;33.9
2441;122;33.9
2442;122;33.9
2443;122;33.9
2444;122;33.9
2445;123;33.9
2446;124;33.9
2447;124;33.9
2448;125;33.9
2449;126;33.9
2450;127;33.9
2451;128;33.9
2452;130;33.9
2453;132;33.9
2454;133;33.9
2455;134;33.9
2456;136;33.9
2457;136;33.9
2458;137;33.9
2459;137;33.9
2460;137;33.9
2461;136;33.9
2462;135;33.9
2463;134;33.9
2464;134;33.9
2465;133;33.9
2466;132;33.9
2467;132;33.9
2468;130;33.9
2469;129;33.9
2470;128;33.9
2471;127;33.9
2472;126;33.9
2473;125;33.9
2474;125;33.9
2475;124;33.9
2476;125;33.9
2477;125;33.9
2478;125;33.9
2479;125;33.9
2480;124;33.9
2481;124;33.9
2482;123;33.9
2483;123;33.9
2484;122;33.9
2485;122;33.9
2486;122;33.9
2487;121;33.9
2488;121;33.9
2489;121;33.9
2490;121;33.9
2491;121;33.9
2492;120;33.9
2493;120;33.9
2494;119;33.9
2495;119;33.9
2496;119;33.9
2497;119;33.9
2498;120;33.9
2499;119;33.9
2500;120;33.9
2501;120;33.9
2502;121;33.9
2503;122;33.9
2504;123;33.9
2505;123;33.9
2506;123;33.9
2507;124;33.9
2508;124;33.9
2509;124;33.9
2510;124;33.9
2511;124;33.9
2512;124;33.9
2513;124;33.9
2514;124;33.9
2515;124;33.9
2516;124;33.9
2517;124;33.9
2518;124;33.9
2519;123;33.9
2520;123;33.9
2521;123;33.9
2522;123;33.9
2523;123;33.9
2524;123;33.9
2525;123;33.9
2526;123;33.9
2527;124;33.9
2528;124;33.9
2529;124;33.9
2530;124;33.9
2531;124;33.9
2532;124;33.9
2533;124;33.9
2534;124;33.9
2535;122;33.9
2536;122;33.9
2537;122;33.9
2538;121;33.9
2539;121;33.9
2540;121;33.9
2541;121;33.9
2542;121;33.9
2543;121;33.9
2544;121;33.9
2545;121;33.9
2546;121;33.9
2547;121;33.9
2548;121;33.9
2549;121;33.9
2550;121;33.9
2551;121;33.9
2552;121;33.9
2553;121;33.9
2554;121;33.9
2555;121;33.9
2556;120;33.9
2557;120;33.9
2558;120;33.9
2559;120;33.9
2560;120;33.9
2561;120;33.9
2562;120;33.9
2563;120;33.9
2564;119;33.9
2565;120;33.9
2566;120;33.9
2567;120;33.9
2568;120;33.9
2569;120;33.9
2570;120;33.9
2571;121;33.9
2572;122;33.9
2573;122;33.9
2574;122;33.9
2575;123;34.0
2576;123;33.9
2577;123;33.9
2578;124;34.0
2579;124;34.0
2580;123;34.0
2581;123;34.0
2582;123;34.0
2583;123;34.0
2584;123;34.0
2585;122;34.0
2586;122;34.0
2587;122;34.0
2588;122;34.0
2589;122;34.0
2590;123;34.0
2591;122;34.0
2592;121;34.0
2593;121;34.0
2594;120;34.0
2595;119;34.0
2596;119;34.0
2597;119;34.0
2598;118;34.0
2599;119;34.0
2600;119;34.0
2601;120;34.0
2602;120;34.0
2603;121;34.0
2604;121;34.0
2605;122;34.0
2606;122;34.0
2607;123;34.0
2608;123;34.0
2609;124;34.0
2610;123;34.0
2611;123;34.0
2612;124;34.0
2613;123;34.0
2614;123;34.0
2615;123;34.0
2616;123;34.0
2617;122;34.0
2618;122;34.0
2619;122;34.0
2620;121;34.0
2621;122;34.0
2622;122;34.0
2623;122;34.0
2624;123;34.0
2625;123;34.0
2626;124;34.0
2627;125;34.0
2628;126;34.0
2629;126;34.0
2630;128;34.0
2631;130;34.0
2632;131;34.0
2633;132;34.0
2634;133;34.0
2635;134;34.0
2636;135;34.0
2637;135;34.0
2638;135;34.0
2639;134;34.0
2640;133;34.0
2641;132;34.0
2642;130;34.0
2643;129;34.0
2644;128;34.0
2645;127;34.0
2646;125;34.0
2647;125;34.0
2648;125;34.0
2649;124;34.0
2650;124;34.0
2651;123;34.0
2652;123;34.0
2653;122;34.0
2654;122;34.0
2655;121;34.0
2656;120;34.0
2657;120;34.0
2658;120;34.0
2659;120;34.0
2660;118;34.0
2661;119;34.0
2662;119;34.0
2663;119;34.0
2664;118;34.0
2665;118;34.0
2666;118;34.0
2667;118;34.0
2668;119;34.0
2669;118;34.0
2670;118;34.0
2671;119;34.0
2672;119;34.0
2673;119;34.0
2674;120;34.0
2675;120;34.0
2676;119;34.0
2677;120;34.0
2678;120;34.0
2679;120;34.0
2680;121;34.0
2681;121;34.0
2682;121;34.0
2683;121;34.0
2684;122;34.0
2685;122;34.0
2686;121;34.0
2687;121;34.0
2688;120;34.0
2689;120;34.0
2690;119;34.0
2691;119;34.0
2692;119;34.0
2693;119;34.0
2694;119;34.0
2695;119;34.0
2696;120;34.0
2697;121;34.0
2698;121;34.0
2699;123;34.0
2700;124;34.0
2701;127;34.0
2702;129;34.0
2703;132;34.0
2704;133;34.0
2705;135;34.0
2706;137;34.0
2707;139;34.0
2708;139;34.0
2709;138;34.0
2710;138;34.0
2711;136;34.0
2712;136;34.0
2713;135;34.0
2714;135;34.0
2715;135;34.0
2716;134;34.0
2717;133;34.0
2718;133;34.0
2719;134;34.0
2720;134;34.0
2721;132;34.0
2722;132;34.0
2723;131;34.0
2724;129;34.0
2725;128;34.0
2726;127;34.0
2727;127;34.0
2728;126;34.0
2729;126;34.0
2730;126;34.0
2731;126;34.0
2732;127;34.0
2733;127;34.0
2734;126;34.0
2735;126;34.0
2736;126;34.0
2737;126;34.0
2738;125;34.0
2739;125;34.0
2740;124;34.0
2741;124;34.0
2742;124;34.0
2743;123;34.0
2744;123;34.0
2745;123;34.0
2746;122;34.0
2747;121;34.0
2748;121;34.0
2749;121;34.0
2750;122;34.0
2751;122;34.0
2752;122;34.0
2753;121;34.0
2754;122;34.0
2755;122;34.0
2756;123;34.0
2757;123;34.0
2758;122;34.0
2759;122;34.0
2760;122;34.0
2761;122;34.0
2762;122;34.0
2763;121;34.0
2764;122;34.0
2765;121;34.0
2766;122;34.0
2767;122;34.0
2768;122;34.0
2769;121;34.0
2770;121;34.0
2771;122;34.0
2772;122;34.0
2773;122;34.0
2774;122;34.0
2775;122;34.0
2776;122;34.0
2777;122;34.0
2778;122;34.1
2779;122;34.0
2780;121;34.0
2781;121;34.0
2782;121;34.1
2783;121;34.1
2784;121;34.1
2785;121;34.1
2786;121;34.1
2787;121;34.1
2788;121;34.1
2789;120;34.1
2790;121;34.1
2791;120;34.1
2792;120;34.1
2793;120;34.1
2794;120;34.1
2795;120;34.1
2796;120;34.1
2797;120;34.1
2798;120;34.1
2799;120;34.1
2800;120;34.1
2801;120;34.1
2802;119;34.1
2803;120;34.1
2804;121;34.1
2805;121;34.1
2806;121;34.1
2807;121;34.1
2808;123;34.1
2809;123;34.1
2810;124;34.1
2811;124;34.1
2812;124;34.1
2813;123;34.1
2814;123;34.1
2815;123;34.1
2816;122;34.1
2817;122;34.1
2818;121;34.1
2819;121;34.1
2820;121;34.1
2821;121;34.1
2822;121;34.1
2823;121;34.1
2824;121;34.1
2825;122;34.1
2826;122;34.1
2827;122;34.1
2828;122;34.1
2829;122;34.1
2830;122;34.1
2831;121;34.1
2832;121;34.1
2833;121;34.1
2834;120;34.1
2835;120;34.1
2836;119;34.1
2837;119;34.1
2838;119;34.1
2839;119;34.1
2840;119;34.1
2841;119;34.1
2842;120;34.1
2843;120;34.1
2844;120;34.1
2845;120;34.1
2846;121;34.1
2847;121;34.1
2848;121;34.1
2849;121;34.1
2850;120;34.1
2851;120;34.1
2852;120;34.1
2853;120;34.1
2854;120;34.1
2855;120;34.1
2856;120;34.1
2857;120;34.1
2858;120;34.1
2859;120;34.1
2860;120;34.1
2861;120;34.1
2862;120;34.1
2863;120;34.1
2864;121;34.1
2865;120;34.1
2866;121;34.1
2867;121;34.1
2868;121;34.1
2869;121;34.1
2870;121;34.1
2871;121;34.1
2872;121;34.1
2873;122;34.1
2874;122;34.1
2875;122;34.1
2876;122;34.1
2877;121;34.1
2878;121;34.1
2879;121;34.1
2880;120;34.1
2881;120;34.1
2882;120;34.1
2883;120;34.1
2884;120;34.1
2885;120;34.1
2886;121;34.1
2887;121;34.1
2888;122;34.1
2889;122;34.2
2890;122;34.1
2891;123;34.1
2892;123;34.1
2893;122;34.1
2894;122;34.1
2895;121;34.1
2896;121;34.1
2897;120;34.2
2898;120;34.1
2899;119;34.2
2900;119;34.1
2901;119;34.1
2902;119;34.1
2903;118;34.2
2904;117;34.2
2905;117;34.2
2906;116;34.2
2907;115;34.2
2908;114;34.2
2909;113;34.2
2910;113;34.2
2911;113;34.2
2912;114;34.2
2913;114;34.2
2914;113;34.2
2915;114;34.2
2916;113;34.2
2917;113;34.1
2918;113;34.2
2919;113;34.2
2920;113;34.2
2921;113;34.2
2922;113;34.2
2923;113;34.2
2924;113;34.2
2925;112;34.2
2926;112;34.2
2927;112;34.2
2928;112;34.2
2929;111;34.2
2930;110;34.2
2931;110;34.2
2932;110;34.2
2933;110;34.2
2934;110;34.2
2935;110;34.2
2936;111;34.2
2937;111;34.2
2938;111;34.2
2939;111;34.2
2940;111;34.2
2941;111;34.2
2942;110;34.2
2943;110;34.2
2944;111;34.2
2945;110;34.2
2946;111;34.2
2947;111;34.2
2948;111;34.2
2949;111;34.2
2950;111;34.2
2951;110;34.2
2952;110;34.2
2953;109;34.2
2954;109;34.2
2955;109;34.2
2956;109;34.2
2957;109;34.2
2958;108;34.2
2959;108;34.2
2960;108;34.2
2961;108;34.2
2962;108;34.2
2963;108;34.2
2964;109;34.2
2965;108;34.2
2966;109;34.2
2967;109;34.3
2968;108;34.2
2969;108;34.3
2970;107;34.2
2971;107;34.2
2972;106;34.2
2973;106;34.2
2974;107;34.2
2975;107;34.2
2976;108;34.2
2977;108;34.2
2978;108;34.3
2979;108;34.3
2980;109;34.2
2981;109;34.2
2982;109;34.3
2983;109;34.3
2984;108;34.2
2985;109;34.2
2986;109;34.2
2987;109;34.2
2988;109;34.2
2989;107;34.3
2990;107;34.2
2991;107;34.2
2992;107;34.2
2993;105;34.2
2994;104;34.2
2995;103;34.3
2996;103;34.3
2997;103;34.3
2998;101;34.3
2999;101;34.2
3000;100;34.2
3001;100;34.3
3002;99;34.2
3003;99;34.3
3004;98;34.3
3005;97;34.3
3006;97;34.3
3007;96;34.3
3008;95;34.3
3009;95;34.3
3010;95;34.3
3011;94;34.3
3012;94;34.3
3013;94;34.3
3014;94;34.3
3015;93;34.3
3016;93;34.3
3017;93;34.3
3018;93;34.3
3019;93;34.3
3020;93;34.3
3021;93;34.3
3022;93;34.3
3023;93;34.3
3024;93;34.3
3025;93;34.3
3026;94;34.3
3027;94;34.3
3028;94;34.3
3029;94;34.3
3030;95;34.3
3031;95;34.3
3032;95;34.3
3033;94;34.3
3034;93;34.3
3035;94;34.3
3036;94;34.3
3037;94;34.3
3038;93;34.3
3039;93;34.3
3040;93;34.3
3041;93;34.3
3042;93;34.3
3043;92;34.3
3044;92;34.3
3045;92;34.3
3046;92;34.3
3047;91;34.3
3048;91;34.3
3049;90;34.3
3050;90;34.3
3051;90;34.3
3052;90;34.3
3053;89;34.3
3054;89;34.3
3055;90;34.3
3056;90;34.3
3057;90;34.3
3058;90;34.3
3059;90;34.3
3060;90;34.3
3061;90;34.3
3062;90;34.3
3063;90;34.3
3064;89;34.3
3065;88;34.3
3066;88;34.3
3067;88;34.3
3068;88;34.3
3069;88;34.3
3070;88;34.3
3071;87;34.3
3072;88;34.3
3073;87;34.3
3074;87;34.3
3075;88;34.3
3076;88;34.3
3077;88;34.3
3078;87;34.3
3079;87;34.3
3080;87;34.3
3081;87;34.3
3082;88;34.3
3083;87;34.3
3084;87;34.3
3085;87;34.3
3086;87;34.3
3087;87;34.3
3088;87;34.3
3089;87;34.3
3090;87;34.3
3091;87;34.3
3092;87;34.3
3093;87;34.3
3094;87;34.3
3095;87;34.3
3096;87;34.3
3097;87;34.3
3098;87;34.3
3099;87;34.3
3100;88;34.3
3101;87;34.3
3102;87;34.3
3103;87;34.3
3104;87;34.3
3105;87;34.3
3106;87;34.3
3107;87;34.3
3108;86;34.3
3109;86;34.3
3110;86;34.3
3111;87;34.3
3112;86;34.3
3113;86;34.3
3114;86;34.3
3115;86;34.3
3116;86;34.3
3117;86;34.3
3118;86;34.3
3119;86;34.3
3120;86;34.3
3121;87;34.3
3122;87;34.3
3123;87;34.3
3124;87;34.3
3125;87;34.3
3126;87;34.3
3127;87;34.3
3128;86;34.3
3129;86;34.3
3130;87;34.3
3131;87;34.3
3132;87;34.3
3133;87;34.3
3134;88;34.3
3135;88;34.3
3136;88;34.3
3137;88;34.3
3138;88;34.3
3139;87;34.3
3140;87;34.3
3141;87;34.3
3142;87;34.3
3143;86;34.3
3144;86;34.3
3145;86;34.3
3146;87;34.3
3147;87;34.3
3148;87;34.3
3149;86;34.3
3150;86;34.3
3151;85;34.3
3152;85;34.4
3153;85;34.4
3154;84;34.4
3155;84;34.4
3156;84;34.4
3157;84;34.4
3158;84;34.4
3159;84;34.4
3160;84;34.4
3161;85;34.4
3162;84;34.4
3163;84;34.4
3164;84;34.4
3165;84;34.4
3166;85;34.4
3167;84;34.4
3168;84;34.4
3169;83;34.4
3170;84;34.4
3171;83;34.4
3172;84;34.4
3173;84;34.4
3174;84;34.4
3175;84;34.3
3176;84;34.4
3177;84;34.4
3178;84;34.3
3179;84;34.3
3180;84;34.3
3181;84;34.3
3182;84;34.4
3183;84;34.3
3184;84;34.4
3185;84;34.3
3186;84;34.3
3187;84;34.4
3188;84;34.3
3189;84;34.3
3190;84;34.3
3191;84;34.3
3192;84;34.3
3193;84;34.3
3194;84;34.3
3195;83;34.3
3196;83;34.3
3197;83;34.3
3198;82;34.3
3199;82;34.3
3200;81;34.3
3201;82;34.3
3202;81;34.3
3203;81;34.3
3204;81;34.3
3205;82;34.3
3206;82;34.4
3207;82;34.3
3208;82;34.3
3209;82;34.3
3210;82;34.3
3211;82;34.3
3212;82;34.3
3213;82;34.3
3214;82;34.3
3215;83;34.3
3216;83;34.3
3217;83;34.3
3218;84;34.4
3219;84;34.3
3220;85;34.3
3221;85;34.3
3222;85;34.3
3223;85;34.3
3224;86;34.3
3225;86;34.4
3226;86;34.3
3227;85;34.3
3228;85;34.3
3229;85;34.3
3230;85;34.3
3231;85;34.4
3232;84;34.3
3233;84;34.4
3234;84;34.3
3235;84;34.3
3236;84;34.3
3237;84;34.3
3238;84;34.3
3239;83;34.3
3240;84;34.3
3241;83;34.3
3242;84;34.3
3243;84;34.3
3244;84;34.3
3245;84;34.3
3246;84;34.3
3247;84;34.3
3248;84;34.3
3249;85;34.3
3250;85;34.3
3251;85;34.3
3252;84;34.3
3253;84;34.3
3254;84;34.3
3255;83;34.3
3256;83;34.3
3257;83;34.3
3258;82;34.3
3259;82;34.4
3260;83;34.3
3261;84;34.3
3262;84;34.3
3263;84;34.3
3264;84;34.3
3265;84;34.3
3266;84;34.3
3267;84;34.3
3268;84;34.3
3269;84;34.3
3270;84;34.3
3271;84;34.3
3272;84;34.3
3273;84;34.3
3274;84;34.3
3275;84;34.3
3276;84;34.3
3277;84;34.3
3278;84;34.3
3279;84;34.3
3280;84;34.3
3281;84;34.3
3282;84;34.3
3283;83;34.3
3284;83;34.3
3285;83;34.3
3286;83;34.3
3287;83;34.3
3288;82;34.3
3289;82;34.3
3290;83;34.3
3291;83;34.3
3292;83;34.3
3293;83;34.3
3294;83;34.4
3295;83;34.3
3296;83;34.3
3297;83;34.3
3298;82;34.3
3299;81;34.3
3300;82;34.3
3301;82;34.3
3302;82;34.3
3303;82;34.3
3304;83;34.3
3305;83;34.3
3306;83;34.3
3307;83;34.3
3308;82;34.3
3309;83;34.3
3310;83;34.3
3311;83;34.3
3312;82;34.3
3313;82;34.3
3314;83;34.3
3315;83;34.3
3316;83;34.3
3317;83;34.3
3318;83;34.3
3319;83;34.3
3320;83;34.3
3321;83;34.3
3322;83;34.3
3323;83;34.3
3324;83;34.3
3325;83;34.3
3326;83;34.3
3327;83;34.3
3328;83;34.3
3329;83;34.3
3330;83;34.3
3331;83;34.3
3332;83;34.3
3333;83;34.3
3334;83;34.3
3335;84;34.3
3336;84;34.3
3337;84;34.3
3338;84;34.3
3339;84;34.3
3340;84;34.3
3341;85;34.3
3342;85;34.3
3343;84;34.3
3344;84;34.3
3345;84;34.3
3346;84;34.3
3347;84;34.3
3348;85;34.3
3349;85;34.3
3350;85;34.3
3351;86;34.3
3352;86;34.3
3353;86;34.3
3354;86;34.3
3355;86;34.3
3356;85;34.3
3357;85;34.3
3358;85;34.3
3359;85;34.3
3360;86;34.3
3361;86;34.3
3362;86;34.3
3363;86;34.3
3364;86;34.3
3365;87;34.3
3366;87;34.4
3367;87;34.4
3368;87;34.4
3369;88;34.3
3370;89;34.4
3371;89;34.4
3372;90;34.4
3373;91;34.3
3374;92;34.4
3375;93;34.3
3376;94;34.3
3377;94;34.3
3378;96;34.3
3379;96;34.3
3380;98;34.4
3381;100;34.3
3382;103;34.4
3383;106;34.4
3384;109;34.4
3385;112;34.3
3386;114;34.4
3387;116;34.3
3388;118;34.4
3389;119;34.4
3390;120;34.4
3391;119;34.4
3392;118;34.3
3393;118;34.4
3394;117;34.3
3395;116;34.3
3396;114;34.3
3397;113;34.3
3398;111;34.3
3399;110;34.3
3400;109;34.3
3401;108;34.3
3402;106;34.3
3403;105;34.3
3404;104;34.3
3405;104;34.3
3406;103;34.3
3407;103;34.3
3408;101;34.3
3409;100;34.3
3410;100;34.3
3411;100;34.3
3412;100;34.3
3413;99;34.3
3414;98;34.3
3415;98;34.3
3416;98;34.3
3417;97;34.3
3418;97;34.3
3419;97;34.3
3420;97;34.3
3421;96;34.3
3422;97;34.3
3423;96;34.3
3424;96;34.3
3425;96;34.3
3426;96;34.3
3427;96;34.3
3428;95;34.3
3429;95;34.3
3430;94;34.3
3431;94;34.3
3432;94;34.3
3433;94;34.3
3434;93;34.3
3435;93;34.3
3436;93;34.3
3437;93;34.3
3438;93;34.3
3439;92;34.3
3440;93;34.3
3441;92;34.3
3442;92;34.3
3443;92;34.3
3444;92;34.3
3445;92;34.4
3446;91;34.3
3447;91;34.3
3448;91;34.3
3449;91;34.3
3450;91;34.3
3451;91;34.4
3452;91;34.3
3453;90;34.4
3454;90;34.4
3455;90;34.4
3456;91;34.4
3457;90;34.4
3458;90;34.4
3459;91;34.4
3460;91;34.4
3461;91;34.4
3462;91;34.4
3463;91;34.4
3464;90;34.4
3465;90;34.4
3466;90;34.4
3467;90;34.4
3468;90;34.4
3469;90;34.4
3470;91;34.4
3471;90;34.4
3472;90;34.4
3473;90;34.4
3474;91;34.4
3475;90;34.4
3476;90;34.4
3477;90;34.4
3478;90;34.4
3479;90;34.4
3480;91;34.4
3481;91;34.4
3482;90;34.4
3483;91;34.4
3484;91;34.4
3485;91;34.4
3486;92;34.4
3487;92;34.4
3488;91;34.4
3489;91;34.4
3490;92;34.4
3491;91;34.4
3492;91;34.4
3493;91;34.4
3494;90;34.4
3495;91;34.4
3496;90;34.4
3497;91;34.4
3498;91;34.4
3499;91;34.4
3500;92;34.4
3501;93;34.4
3502;92;34.4
3503;93;34.4
3504;93;34.4
3505;94;34.4
3506;94;34.4
3507;94;34.4
3508;94;34.4
3509;94;34.4
3510;94;34.4
3511;94;34.4
3512;94;34.4
3513;94;34.4
3514;95;34.4
3515;95;34.4
3516;95;34.4
3517;96;34.4
3518;96;34.4
3519;97;34.4
3520;97;34.4
3521;98;34.4
3522;99;34.4
3523;101;34.4
3524;102;34.4
3525;104;34.4
3526;106;34.4
3527;107;34.4
3528;109;34.4
3529;110;34.4
3530;110;34.4
3531;110;34.4
3532;109;34.4
3533;108;34.4
3534;107;34.4
3535;105;34.4
3536;104;34.4
3537;103;34.4
3538;102;34.4
3539;101;34.4
3540;100;34.4
3541;99;34.4
3542;98;34.4
3543;99;34.4
3544;98;34.4
3545;97;34.4
3546;96;34.4
3547;95;34.4
3548;95;34.4
3549;95;34.4
3550;94;34.4
3551;93;34.4
3552;94;34.4
3553;93;34.4
3554;93;34.4
3555;93;34.4
3556;93;34.4
3557;93;34.4
3558;92;34.4
3559;92;34.4
3560;92;34.4
3561;92;34.4
3562;91;34.4
3563;91;34.4
3564;91;34.4
3565;91;34.4
3566;92;34.4
3567;91;34.4
3568;90;34.4
3569;91;34.4
3570;90;34.4
3571;90;34.4
3572;90;34.4
3573;90;34.4
3574;89;34.4
3575;90;34.4
3576;90;34.4
3577;90;34.4
3578;90;34.4
3579;90;34.4
3580;91;34.4
3581;90;34.4
3582;91;34.4
3583;90;34.4
3584;90;34.4
3585;90;34.4
3586;90;34.4
3587;91;34.4
3588;91;34.4
3589;91;34.4
3590;91;34.4
3591;92;34.4
3592;92;34.4
3593;92;34.4
3594;92;34.4
3595;91;34.4
3596;91;34.4
3597;91;34.4
3598;91;34.4
3599;91;34.4
3600;91;34.4
3601;91;34.4
3602;91;34.4
3603;92;34.4
3604;92;34.4
3605;92;34.4
3606;92;34.4
3607;92;34.4
3608;92;34.4
3609;92;34.4
3610;92;34.4
3611;92;34.4
3612;93;34.4
3613;93;34.4
3614;93;34.4
3615;93;34.4
3616;93;34.4
3617;93;34.4
3618;93;34.4
3619;94;34.4
3620;94;34.4
3621;93;34.4
3622;93;34.4
3623;94;34.4
3624;94;34.4
3625;94;34.4
3626;93;34.4
3627;93;34.4
3628;93;34.4
3629;93;34.4
3630;93;34.4
3631;93;34.4
3632;93;34.4
3633;93;34.4
3634;92;34.4
3635;92;34.4
3636;92;34.4
3637;92;34.4
3638;92;34.4
3639;92;34.4
3640;92;34.4
3641;92;34.4
3642;92;34.4
3643;92;34.4
3644;92;34.4
3645;91;34.4
3646;91;34.4
3647;91;34.4
3648;91;34.4
3649;91;34.4
3650;91;34.4
3651;91;34.4
3652;91;34.4
3653;92;34.4
3654;92;34.4
3655;92;34.4
3656;92;34.4
3657;92;34.4
3658;92;34.4
3659;92;34.4
3660;92;34.4
3661;92;34.4
3662;91;34.4
3663;91;34.4
3664;91;34.4
3665;91;34.4
3666;91;34.4
3667;92;34.4
3668;91;34.4
3669;92;34.4
3670;92;34.4
3671;92;34.4
3672;92;34.4
3673;92;34.4
3674;92;34.5
3675;92;34.4
3676;92;34.4
3677;92;34.5
3678;92;34.4
3679;92;34.4
3680;91;34.4
3681;91;34.4
3682;92;34.4
3683;91;34.4
3684;91;34.4
3685;90;34.4
3686;90;34.4
3687;90;34.4
3688;90;34.4
3689;90;34.4
3690;90;34.4
3691;90;34.4
3692;89;34.4
3693;90;34.4
3694;90;34.4
3695;90;34.4
3696;90;34.4
3697;91;34.4
3698;90;34.4
3699;91;34.4
3700;92;34.4
3701;91;34.4
3702;91;34.4
3703;90;34.4
3704;90;34.4
3705;89;34.4
3706;89;34.4
3707;89;34.4
3708;89;34.4
3709;89;34.4
3710;89;34.4
3711;89;34.5
3712;90;34.4
3713;89;34.4
3714;89;34.4
3715;88;34.4
3716;88;34.4
3717;87;34.4
3718;87;34.4
3719;87;34.4
3720;87;34.5
3721;87;34.4
3722;87;34.4
3723;87;34.4
3724;87;34.4
3725;87;34.4
3726;87;34.4
3727;87;34.4
3728;87;34.4
3729;87;34.4
3730;87;34.4
3731;87;34.4
3732;87;34.4
3733;86;34.4
3734;86;34.4
3735;86;34.4
3736;86;34.4
3737;86;34.5
3738;86;34.4
3739;86;34.4
3740;85;34.4
3741;85;34.4
3742;85;34.4
3743;85;34.5
3744;84;34.4
3745;85;34.4
3746;84;34.5
3747;84;34.4
3748;84;34.4
3749;84;34.4
3750;84;34.4
3751;84;34.4
3752;84;34.5
3753;84;34.4
3754;83;34.4
3755;83;34.4
3756;83;34.5
3757;83;34.4
3758;83;34.4
3759;83;34.4
3760;83;34.4
3761;82;34.4
3762;82;34.5
3763;82;34.4
3764;81;34.4
3765;81;34.4
3766;81;34.4
3767;81;34.4
3768;80;34.4
3769;80;34.4
3770;79;34.5
3771;79;34.5
3772;79;34.4
3773;79;34.4
3774;78;34.5
3775;79;34.4
3776;78;34.4
3777;78;34.5
3778;79;34.4
3779;78;34.5
3780;78;34.4
3781;78;34.5
3782;78;34.4
3783;77;34.4
3784;77;34.5
3785;77;34.4
3786;77;34.4
3787;77;34.4
3788;76;34.5
3789;76;34.5
3790;76;34.5
3791;76;34.4
3792;76;34.4
3793;76;34.4
3794;75;34.4
3795;76;34.4
3796;76;34.4
3797;76;34.4
3798;76;34.4
3799;75;34.4
3800;76;34.5
3801;76;34.4
3802;76;34.4
3803;76;34.5
3804;76;34.4
3805;77;34.5
3806;77;34.4
3807;78;34.4
3808;78;34.4
3809;77;34.4
3810;78;34.5
3811;78;34.4
3812;78;34.4
3813;77;34.4
3814;77;34.5
3815;77;34.5
3816;77;34.5
3817;77;34.5
3818;77;34.5
3819;77;34.4
3820;77;34.5
3821;77;34.4
3822;78;34.4
3823;78;34.4
3824;78;34.5
3825;78;34.4
3826;78;34.5
3827;78;34.5
3828;78;34.5
3829;78;34.5
3830;78;34.5
3831;78;34.5
3832;77;34.5
3833;77;34.5
3834;77;34.5
3835;77;34.5
3836;77;34.5
3837;78;34.5
3838;77;34.4
3839;77;34.4
3840;77;34.4
3841;77;34.4
3842;77;34.5
3843;76;34.5
3844;75;34.4
3845;75;34.4
3846;75;34.5
3847;75;34.5
3848;74;34.5
3849;74;34.5
3850;74;34.5
3851;73;34.5
3852;73;34.4
3853;73;34.4
3854;72;34.5
3855;72;34.4
3856;73;34.5
3857;73;34.4
3858;73;34.5
3859;73;34.4
3860;73;34.5
3861;73;34.5
3862;73;34.5
3863;73;34.4
3864;72;34.5
3865;73;34.4
3866;73;34.5
3867;73;34.4
3868;73;34.4
3869;73;34.5
3870;73;34.5
3871;73;34.4
3872;73;34.5
3873;73;34.4
3874;72;34.5
3875;73;34.5
3876;72;34.5
3877;72;34.4
3878;72;34.5
3879;72;34.5
3880;72;34.5
3881;72;34.5
3882;72;34.5
3883;71;34.5
3884;71;34.5
3885;72;34.5
3886;72;34.5
3887;72;34.4
3888;71;34.5
3889;72;34.5
3890;72;34.5
3891;72;34.5
3892;72;34.5
3893;71;34.4
3894;71;34.5
3895;72;34.5
3896;72;34.5
3897;71;34.5
3898;71;34.5
3899;71;34.5
3900;71;34.5
3901;71;34.5
3902;71;34.5
3903;71;34.5
3904;71;34.5
3905;71;34.5
3906;71;34.5
3907;71;34.5
3908;71;34.5
3909;71;34.5
3910;71;34.5
3911;71;34.5
3912;71;34.5
3913;71;34.5
3914;70;34.5
3915;71;34.5
3916;71;34.5
3917;70;34.5
3918;71;34.5
3919;71;34.5
3920;71;34.5
3921;71;34.5
3922;71;34.5
3923;71;34.5
3924;71;34.5
3925;71;34.5
3926;71;34.5
3927;71;34.5
3928;71;34.5
3929;71;34.5
3930;71;34.5
3931;71;34.5
3932;71;34.5
3933;71;34.5
3934;70;34.5
3935;71;34.5
3936;70;34.5
3937;70;34.5
3938;70;34.5
3939;70;34.5
3940;70;34.5
3941;70;34.5
3942;70;34.5
3943;70;34.5
3944;70;34.5
3945;70;34.5
3946;70;34.5
3947;70;34.5
3948;70;34.5
3949;70;34.5
3950;70;34.5
3951;70;34.5
3952;70;34.5
3953;70;34.5
3954;70;34.4
3955;70;34.5
3956;70;34.5
3957;69;34.5
3958;69;34.5
3959;69;34.5
3960;69;34.5
3961;69;34.5
3962;68;34.5
3963;69;34.5
3964;69;34.5
3965;69;34.5
3966;70;34.5
3967;71;34.5
3968;70;34.5
3969;70;34.5
3970;71;34.5
3971;71;34.5
3972;71;34.5
3973;70;34.5
3974;70;34.5
3975;70;34.5
3976;70;34.5
3977;70;34.5
3978;70;34.5
3979;70;34.5
3980;71;34.5
3981;71;34.5
3982;71;34.5
3983;70;34.5
3984;70;34.5
3985;71;34.5
3986;70;34.5
3987;70;34.5
3988;70;34.5
3989;70;34.5
3990;70;34.5
3991;71;34.5
3992;71;34.4
3993;71;34.5
3994;71;34.5
3995;71;34.4
3996;71;34.5
3997;71;34.5
3998;71;34.4
3999;71;34.5
4000;71;34.5
4001;71;34.5
4002;72;34.5
4003;72;34.5
4004;72;34.5
4005;72;34.5
4006;72;34.5
4007;73;34.4
4008;72;34.5
4009;73;34.5
4010;73;34.5
4011;73;34.5
4012;73;34.5
4013;73;34.5
4014;72;34.5
4015;73;34.5
4016;73;34.5
4017;73;34.5
4018;72;34.4
4019;73;34.5
4020;73;34.5
4021;72;34.4
4022;73;34.5
4023;73;34.5
4024;73;34.4
4025;73;34.5
4026;73;34.4
4027;73;34.5
4028;73;34.5
4029;73;34.4
4030;72;34.4
4031;72;34.5
4032;72;34.5
4033;72;34.5
4034;72;34.4
4035;72;34.5
4036;72;34.5
4037;73;34.5
4038;73;34.5
4039;73;34.5
4040;73;34.5
4041;74;34.5
4042;74;34.5
4043;73;34.5
4044;74;34.5
4045;73;34.5
4046;73;34.5
4047;73;34.5
4048;73;34.5
4049;73;34.5
4050;73;34.5
4051;74;34.5
4052;73;34.5
4053;74;34.5
4054;75;34.5
4055;76;34.5
4056;76;34.5
4057;76;34.5
4058;75;34.5
4059;75;34.5
4060;76;34.5
4061;76;34.5
4062;76;34.5
4063;75;34.5
4064;76;34.5
4065;75;34.5
4066;75;34.5
4067;74;34.5
4068;74;34.5
4069;74;34.5
4070;74;34.5
4071;73;34.5
4072;73;34.5
4073;73;34.5
4074;73;34.5
4075;73;34.5
4076;74;34.4
4077;74;34.5
4078;73;34.5
4079;73;34.5
4080;73;34.5
4081;73;34.4
4082;75;34.5
4083;74;34.5
4084;74;34.5
4085;74;34.5
4086;74;34.5
4087;74;34.5
4088;74;34.5
4089;73;34.5
4090;73;34.5
4091;73;34.5
4092;72;34.5
4093;72;34.5
4094;72;34.5
4095;72;34.5
4096;72;34.5
4097;72;34.5
4098;71;34.5
4099;71;34.5
4100;71;34.5
4101;72;34.5
4102;71;34.5
4103;71;34.5
4104;72;34.5
4105;72;34.5
4106;72;34.5
4107;72;34.5
4108;72;34.5
4109;72;34.5
4110;73;34.5
4111;72;34.5
4112;72;34.4
4113;72;34.5
4114;72;34.5
4115;73;34.5
4116;73;34.5
4117;73;34.5
4118;73;34.5
4119;73;34.5
4120;73;34.5
4121;74;34.5
4122;73;34.5
4123;73;34.5
4124;72;34.5
4125;73;34.5
4126;73;34.5
4127;73;34.5
4128;73;34.5
4129;73;34.5
4130;73;34.5
4131;73;34.5
4132;73;34.5
4133;72;34.5
4134;72;34.5
4135;72;34.5
4136;72;34.5
4137;71;34.5
4138;71;34.5
4139;71;34.5
4140;71;34.5
4141;72;34.5
4142;71;34.5
4143;71;34.5
4144;72;34.5
4145;72;34.5
4146;73;34.5
4147;73;34.5
4148;73;34.5
4149;73;34.5
4150;73;34.5
4151;73;34.5
4152;72;34.5
4153;72;34.5
4154;71;34.5
4155;71;34.5
4156;71;34.5
4157;71;34.5
4158;71;34.5
4159;71;34.5
4160;72;34.5
4161;72;34.5
4162;73;34.5
4163;72;34.5
4164;72;34.5
4165;72;34.5
4166;72;34.5
4167;72;34.5
4168;71;34.5
4169;71;34.5
4170;71;34.5
4171;71;34.5
4172;72;34.5
4173;72;34.5
4174;72;34.5
4175;72;34.5
4176;72;34.5
4177;72;34.5
4178;73;34.5
4179;73;34.5
4180;73;34.5
4181;72;34.5
4182;72;34.5
4183;72;34.5
4184;72;34.5
4185;73;34.5
4186;72;34.5
4187;73;34.5
4188;73;34.5
4189;73;34.5
4190;74;34.5
4191;73;34.5
4192;73;34.5
4193;73;34.5
4194;73;34.5
4195;74;34.5
4196;74;34.5
4197;74;34.5
4198;74;34.5
4199;75;34.5
4200;75;34.5
4201;74;34.5
4202;74;34.5
4203;73;34.5
4204;73;34.5
4205;73;34.5
4206;73;34.5
4207;72;34.5
4208;72;34.5
4209;71;34.5
4210;72;34.5
4211;73;34.5
4212;73;34.5
4213;72;34.5
4214;72;34.5
4215;72;34.5
4216;73;34.5
4217;73;34.5
4218;73;34.5
4219;73;34.5
4220;73;34.5
4221;73;34.5
4222;73;34.5
4223;73;34.5
4224;73;34.5
4225;73;34.5
4226;73;34.5
4227;73;34.5
4228;73;34.5
4229;73;34.5
4230;74;34.5
4231;74;34.5
4232;74;34.5
4233;74;34.5
4234;74;34.5
4235;74;34.5
4236;74;34.5
4237;75;34.5
4238;74;34.5
4239;74;34.5
4240;75;34.5
4241;75;34.5
4242;75;34.5
4243;74;34.5
4244;74;34.5
4245;75;34.5
4246;75;34.5
4247;75;34.5
4248;74;34.5
4249;74;34.5
4250;75;34.5
4251;75;34.5
4252;75;34.5
4253;75;34.5
4254;75;34.5
4255;76;34.5
4256;76;34.5
4257;75;34.5
4258;75;34.5
4259;75;34.5
4260;75;34.5
4261;75;34.5
4262;75;34.5
4263;75;34.5
4264;75;34.5
4265;75;34.5
4266;75;34.5
4267;75;34.5
4268;74;34.5
4269;74;34.5
4270;74;34.5
4271;74;34.5
4272;74;34.5
4273;74;34.5
4274;73;34.5
4275;74;34.5
4276;75;34.5
4277;75;34.5
4278;76;34.5
4279;76;34.5
4280;76;34.5
4281;76;34.5
4282;76;34.5
4283;76;34.4
4284;76;34.5
4285;76;34.5
4286;76;34.5
4287;76;34.5
4288;75;34.5
4289;75;34.5
4290;76;34.5
4291;76;34.5
4292;75;34.5
4293;75;34.5
4294;76;34.4
4295;76;34.5
4296;76;34.5
4297;76;34.5
4298;75;34.5
4299;75;34.5
4300;76;34.5
4301;77;34.5
4302;77;34.5
4303;77;34.5
4304;76;34.5
4305;76;34.5
4306;76;34.5
4307;76;34.5
4308;76;34.5
4309;75;34.5
4310;75;34.5
4311;76;34.5
4312;76;34.5
4313;75;34.5
4314;75;34.5
4315;76;34.5
4316;76;34.5
4317;76;34.5
4318;76;34.5
4319;75;34.5
4320;75;34.5
4321;75;34.5
4322;75;34.5
4323;75;34.5
4324;75;34.5
4325;74;34.5
4326;74;34.5
4327;73;34.5
4328;73;34.5
4329;73;34.5
4330;73;34.5
4331;74;34.5
4332;73;34.5
4333;74;34.5
4334;74;34.5
4335;73;34.5
4336;73;34.5
4337;73;34.5
4338;73;34.5
4339;74;34.5
4340;74;34.5
4341;74;34.5
4342;75;34.5
4343;75;34.5
4344;75;34.5
4345;75;34.5
4346;75;34.5
4347;75;34.5
4348;75;34.5
4349;75;34.5
4350;75;34.5
4351;75;34.5
4352;75;34.5
4353;75;34.5
4354;75;34.5
4355;75;34.5
4356;74;34.5
4357;74;34.5
4358;74;34.5
4359;74;34.5
4360;74;34.5
4361;74;34.5
4362;74;34.5
4363;74;34.5
4364;75;34.5
4365;74;34.5
4366;74;34.5
4367;74;34.5
4368;74;34.5
4369;74;34.5
4370;74;34.5
4371;73;34.5
4372;73;34.5
4373;73;34.5
4374;73;34.5
4375;73;34.5
4376;73;34.5
4377;73;34.5
4378;73;34.5
4379;74;34.5
4380;74;34.5
4381;74;34.5
4382;74;34.5
4383;73;34.5
4384;73;34.5
4385;74;34.5
4386;74;34.5
4387;74;34.5
4388;74;34.5
4389;74;34.5
4390;74;34.5
4391;74;34.5
4392;74;34.5
4393;74;34.5
4394;74;34.5
4395;74;34.5
4396;74;34.5
4397;75;34.5
4398;75;34.5
4399;74;34.5
4400;74;34.5
4401;74;34.5
4402;74;34.5
4403;74;34.5
4404;74;34.5
4405;74;34.5
4406;75;34.5
4407;75;34.5
4408;75;34.5
4409;75;34.5
4410;76;34.5
4411;76;34.5
4412;76;34.5
4413;76;34.5
4414;76;34.5
4415;76;34.5
4416;75;34.5
4417;75;34.5
4418;74;34.5
4419;74;34.5
4420;74;34.5
4421;74;34.5
4422;74;34.5
4423;74;34.5
4424;74;34.5
4425;74;34.5
4426;74;34.5
4427;74;34.5
4428;75;34.5
4429;74;34.5
4430;74;34.5
4431;74;34.5
4432;74;34.5
4433;73;34.5
4434;73;34.5
4435;73;34.5
4436;73;34.5
4437;73;34.5
4438;73;34.5
4439;73;34.5
4440;73;34.5
4441;74;34.5
4442;74;34.5
4443;73;34.5
4444;73;34.5
4445;75;34.5
4446;75;34.5
4447;75;34.5
4448;75;34.5
4449;76;34.5
4450;76;34.5
4451;77;34.5
4452;77;34.5
4453;75;34.5
4454;75;34.5
4455;75;34.5
4456;75;34.5
4457;75;34.5
4458;75;34.5
4459;75;34.5
4460;76;34.5
4461;76;34.5
4462;77;34.5
4463;77;34.5
4464;77;34.5
4465;77;34.5
4466;77;34.5
4467;77;34.5
4468;77;34.5
4469;77;34.5
4470;77;34.5
4471;77;34.5
4472;76;34.5
4473;76;34.5
4474;76;34.5
4475;76;34.5
4476;76;34.5
4477;76;34.5
4478;77;34.5
4479;77;34.5
4480;78;34.5
4481;78;34.5
4482;78;34.5
4483;78;34.5
4484;78;34.5
4485;78;34.5
4486;77;34.5
4487;77;34.5
4488;77;34.5
4489;77;34.5
4490;77;34.5
4491;77;34.5
4492;77;34.5
4493;76;34.5
4494;76;34.5
4495;77;34.5
4496;77;34.5
4497;77;34.5
4498;77;34.5
4499;77;34.5
4500;77;34.5
4501;77;34.5
4502;77;34.5
4503;76;34.5
4504;76;34.5
4505;76;34.5
4506;76;34.5
4507;77;34.5
4508;77;34.5
4509;77;34.5
4510;77;34.5
4511;79;34.5
4512;79;34.5
4513;78;34.5
4514;78;34.5
4515;79;34.5
4516;79;34.5
4517;80;34.5
4518;80;34.5
4519;80;34.5
4520;81;34.5
4521;81;34.5
4522;81;34.5
4523;81;34.5
4524;81;34.5
4525;81;34.5
4526;81;34.5
4527;81;34.5
4528;81;34.5
4529;81;34.5
4530;82;34.5
4531;82;34.5
4532;82;34.5
4533;82;34.5
4534;82;34.5
4535;82;34.5
4536;84;34.5
4537;84;34.5
4538;84;34.5
4539;84;34.5
4540;83;34.5
4541;83;34.5
4542;83;34.5
4543;83;34.5
4544;81;34.5
4545;81;34.5
4546;80;34.5
4547;80;34.5
4548;79;34.5
4549;79;34.5
4550;79;34.5
4551;79;34.5
4552;78;34.5
4553;78;34.5
4554;79;34.5
4555;79;34.5
4556;79;34.5
4557;77;34.5
4558;77;34.5
4559;77;34.5
4560;77;34.5
4561;76;34.5
4562;76;34.5
4563;76;34.5
4564;76;34.5
4565;77;34.5
4566;77;34.5
4567;77;34.5
4568;77;34.5
4569;77;34.5
4570;77;34.5
4571;77;34.5
4572;77;34.5
4573;76;34.5
4574;76;34.5
4575;77;34.5
4576;77;34.5
4577;78;34.5
4578;77;34.5
4579;78;34.5
4580;78;34.5
4581;79;34.5
4582;78;34.5
4583;78;34.5
4584;78;34.5
4585;77;34.5
4586;77;34.5
4587;77;34.5
4588;76;34.5
4589;76;34.5
4590;77;34.5
4591;77;34.5
4592;77;34.5
4593;77;34.5
4594;77;34.5
4595;77;34.5
4596;78;34.5
4597;78;34.5
4598;77;34.5
4599;77;34.5
4600;77;34.5
4601;77;34.5
4602;78;34.5
4603;78;34.5
4604;78;34.5
4605;78;34.5
4606;78;34.5
4607;78;34.5
4608;77;34.5
4609;78;34.5
4610;78;34.5
4611;78;34.5
4612;76;34.5
4613;76;34.5
4614;77;34.5
4615;77;34.5
4616;77;34.5
4617;76;34.5
4618;76;34.5
4619;75;34.5
4620;75;34.5
4621;76;34.5
4622;76;34.5
4623;75;34.5
4624;75;34.5
4625;76;34.5
4626;76;34.5
4627;77;34.5
4628;77;34.5
4629;77;34.5
4630;77;34.5
4631;78;34.5
4632;78;34.5
4633;77;34.5
4634;77;34.5
4635;78;34.5
4636;78;34.5
4637;78;34.5
4638;78;34.5
4639;78;34.5
4640;78;34.5
4641;78;34.5
4642;77;34.5
4643;78;34.5
4644;78;34.5
4645;78;34.5
4646;78;34.5
4647;78;34.5
4648;78;34.5
4649;78;34.5
4650;77;34.5
4651;77;34.5
4652;77;34.5
4653;77;34.5
4654;76;34.5
4655;76;34.5
4656;75;34.5
4657;75;34.5
4658;76;34.5
4659;76;34.5
4660;76;34.5
4661;76;34.5
4662;76;34.5
4663;76;34.5
4664;78;34.5
4665;78;34.5
4666;78;34.5
4667;79;34.5
4668;80;34.5
4669;80;34.5
4670;81;34.5
4671;81;34.5
4672;80;34.5
4673;80;34.5
4674;80;34.5
4675;80;34.5
4676;80;34.5
4677;80;34.5
4678;79;34.5
4679;78;34.5
4680;78;34.5
4681;78;34.5
4682;77;34.5
4683;79;34.5
4684;79;34.5
4685;79;34.5
4686;79;34.5
4687;80;34.5
4688;80;34.5
4689;81;34.5
4690;81;34.5
4691;81;34.5
4692;81;34.5
4693;81;34.5
4694;81;34.5
4695;81;34.5
4696;0;0.0
