"Source File";"240424A\Trend1.trd";"Date";"04/24/24";"Output";"D:\RespirationData\240424A.txt";"Start";"12:23:30";"Stop";"13:48:36"
"Saba_20241023"
"Time";"Resp Rate";"Temp 1"
"Seconds";"Resp/m";"°C"
1;30;29.5
2;32;29.5
3;32;29.4
4;29;29.5
5;29;29.4
6;29;29.4
7;28;29.5
8;30;29.6
9;27;29.6
10;27;29.6
11;26;29.6
12;40;29.6
13;46;29.6
14;52;29.6
15;77;29.7
16;85;29.6
17;87;29.6
18;95;29.6
19;120;29.6
20;114;29.6
21;117;29.5
22;108;29.5
23;94;29.4
24;93;29.4
25;81;29.4
26;66;29.4
27;64;29.4
28;61;29.3
29;68;29.2
30;77;29.2
31;89;29.1
32;96;29.0
33;120;28.9
34;145;28.8
35;149;28.7
36;173;28.6
37;169;28.5
38;173;28.4
39;177;28.2
40;165;28.2
41;153;28.1
42;135;28.0
43;122;28.0
44;106;27.9
45;108;27.8
46;96;27.7
47;87;27.7
48;87;27.7
49;86;27.6
50;85;27.6
51;85;27.5
52;83;27.5
53;82;27.5
54;82;27.4
55;81;27.4
56;81;27.4
57;80;27.3
58;79;27.3
59;80;27.3
60;81;27.2
61;80;27.2
62;81;27.2
63;80;27.2
64;80;27.2
65;80;27.2
66;81;27.2
67;81;27.1
68;80;27.1
69;80;27.1
70;81;27.1
71;81;27.0
72;82;27.0
73;82;27.0
74;81;27.0
75;81;27.0
76;81;27.0
77;80;27.0
78;79;27.0
79;79;27.0
80;78;27.0
81;78;27.0
82;77;27.0
83;75;27.0
84;74;27.0
85;73;27.0
86;71;27.0
87;70;27.0
88;69;27.0
89;68;27.0
90;67;27.0
91;65;27.0
92;63;27.0
93;61;27.0
94;58;27.0
95;56;27.0
96;54;27.0
97;52;27.0
98;50;27.0
99;49;27.0
100;48;27.0
101;46;27.0
102;47;27.0
103;46;27.0
104;45;27.0
105;45;27.0
106;45;27.0
107;45;27.0
108;44;27.0
109;44;27.0
110;43;27.0
111;43;27.0
112;44;27.0
113;44;27.0
114;43;27.0
115;42;27.0
116;43;26.9
117;43;26.9
118;43;26.9
119;44;26.8
120;44;26.8
121;44;26.8
122;44;26.8
123;44;26.8
124;44;26.8
125;44;26.7
126;44;26.7
127;45;26.7
128;45;26.7
129;46;26.7
130;46;26.7
131;47;26.7
132;48;26.7
133;48;26.7
134;47;26.7
135;48;26.6
136;48;26.6
137;48;26.6
138;48;26.6
139;49;26.6
140;50;26.6
141;51;26.6
142;52;26.5
143;50;26.5
144;50;26.5
145;50;26.5
146;50;26.5
147;50;26.5
148;49;26.5
149;49;26.5
150;49;26.5
151;50;26.5
152;50;26.4
153;50;26.4
154;50;26.4
155;50;26.4
156;50;26.4
157;50;26.4
158;51;26.4
159;52;26.4
160;52;26.3
161;53;26.3
162;53;26.3
163;54;26.3
164;54;26.3
165;54;26.3
166;54;26.2
167;54;26.2
168;54;26.2
169;54;26.2
170;53;26.2
171;54;26.2
172;55;26.2
173;55;26.2
174;55;26.2
175;55;26.2
176;56;26.2
177;56;26.2
178;57;26.2
179;56;26.2
180;56;26.2
181;56;26.2
182;55;26.2
183;55;26.2
184;55;26.2
185;56;26.1
186;55;26.1
187;55;26.1
188;56;26.1
189;56;26.1
190;56;26.1
191;56;26.1
192;57;26.1
193;57;26.1
194;57;26.0
195;57;26.0
196;58;26.0
197;57;26.0
198;58;26.0
199;58;26.0
200;58;26.0
201;59;26.0
202;59;26.0
203;59;26.0
204;58;26.0
205;59;26.0
206;59;26.0
207;60;26.0
208;60;25.9
209;59;26.0
210;59;25.9
211;59;25.9
212;59;25.9
213;59;25.9
214;58;25.9
215;58;25.9
216;59;25.9
217;60;25.9
218;59;25.9
219;59;25.9
220;59;25.9
221;59;25.9
222;60;25.9
223;59;25.9
224;60;25.9
225;59;25.9
226;60;25.9
227;62;25.9
228;62;25.9
229;64;25.9
230;63;25.9
231;64;25.9
232;63;25.9
233;63;25.9
234;62;25.9
235;62;25.8
236;62;25.8
237;61;25.8
238;61;25.8
239;61;25.8
240;62;25.8
241;63;25.8
242;64;25.8
243;63;25.8
244;63;25.8
245;63;25.8
246;56;25.8
247;56;25.8
248;54;25.8
249;50;25.8
250;46;25.8
251;31;25.8
252;32;25.8
253;36;25.8
254;41;25.8
255;43;25.8
256;47;25.7
257;49;25.8
258;50;25.7
259;66;25.7
260;66;25.7
261;66;25.8
262;66;25.7
263;67;25.7
264;67;25.7
265;66;25.7
266;67;25.7
267;67;25.7
268;66;25.7
269;66;25.7
270;67;25.7
271;67;25.7
272;66;25.7
273;66;25.7
274;66;25.7
275;67;25.7
276;67;25.7
277;68;25.7
278;67;25.7
279;67;25.7
280;67;25.7
281;68;25.7
282;68;25.7
283;69;25.7
284;69;25.7
285;69;25.7
286;70;25.7
287;70;25.7
288;70;25.6
289;69;25.7
290;69;25.6
291;68;25.6
292;69;25.6
293;69;25.6
294;69;25.6
295;69;25.6
296;70;25.6
297;70;25.6
298;71;25.6
299;71;25.6
300;71;25.6
301;71;25.6
302;71;25.6
303;72;25.6
304;72;25.6
305;72;25.6
306;72;25.6
307;72;25.5
308;73;25.5
309;72;25.5
310;72;25.5
311;72;25.5
312;73;25.5
313;73;25.5
314;71;25.5
315;71;25.5
316;71;25.5
317;70;25.5
318;70;25.5
319;70;25.5
320;71;25.5
321;71;25.5
322;73;25.5
323;74;25.4
324;74;25.4
325;75;25.4
326;75;25.5
327;75;25.4
328;76;25.4
329;75;25.4
330;75;25.4
331;75;25.4
332;75;25.4
333;76;25.4
334;76;25.4
335;76;25.4
336;76;25.4
337;76;25.4
338;76;25.4
339;76;25.4
340;76;25.4
341;76;25.4
342;76;25.4
343;77;25.4
344;76;25.4
345;76;25.4
346;76;25.4
347;76;25.4
348;77;25.4
349;77;25.4
350;76;25.4
351;75;25.4
352;75;25.4
353;75;25.4
354;75;25.4
355;75;25.4
356;75;25.4
357;75;25.4
358;76;25.4
359;76;25.4
360;76;25.4
361;77;25.4
362;77;25.4
363;77;25.4
364;78;25.4
365;78;25.4
366;78;25.4
367;78;25.4
368;78;25.4
369;77;25.4
370;77;25.4
371;77;25.4
372;77;25.4
373;77;25.3
374;77;25.3
375;77;25.3
376;78;25.4
377;78;25.3
378;78;25.3
379;79;25.3
380;78;25.3
381;78;25.3
382;78;25.3
383;78;25.3
384;78;25.3
385;78;25.3
386;78;25.3
387;78;25.3
388;78;25.3
389;78;25.2
390;78;25.3
391;78;25.2
392;78;25.2
393;78;25.2
394;78;25.2
395;78;25.2
396;78;25.2
397;78;25.2
398;78;25.2
399;79;25.2
400;78;25.2
401;79;25.2
402;80;25.2
403;80;25.2
404;80;25.2
405;80;25.2
406;80;25.2
407;80;25.2
408;80;25.2
409;79;25.2
410;79;25.2
411;80;25.2
412;80;25.2
413;79;25.2
414;80;25.2
415;81;25.2
416;81;25.1
417;81;25.2
418;81;25.2
419;80;25.2
420;80;25.2
421;81;25.2
422;80;25.1
423;80;25.1
424;80;25.1
425;80;25.1
426;80;25.1
427;81;25.1
428;80;25.1
429;80;25.1
430;80;25.1
431;80;25.1
432;80;25.1
433;80;25.1
434;80;25.1
435;80;25.1
436;80;25.1
437;80;25.1
438;80;25.1
439;80;25.1
440;80;25.1
441;80;25.1
442;81;25.1
443;81;25.1
444;81;25.1
445;81;25.1
446;81;25.1
447;82;25.1
448;82;25.1
449;83;25.1
450;83;25.1
451;84;25.1
452;84;25.1
453;84;25.1
454;84;25.1
455;84;25.1
456;85;25.1
457;85;25.1
458;84;25.1
459;85;25.1
460;79;25.1
461;78;25.1
462;79;25.1
463;79;25.1
464;80;25.1
465;80;25.1
466;79;25.1
467;80;25.1
468;86;25.1
469;86;25.1
470;87;25.1
471;87;25.1
472;87;25.1
473;87;25.1
474;87;25.1
475;87;25.1
476;86;25.1
477;86;25.1
478;86;25.1
479;86;25.1
480;85;25.1
481;85;25.1
482;86;25.1
483;86;25.1
484;86;25.1
485;85;25.1
486;85;25.1
487;85;25.1
488;85;25.1
489;85;25.1
490;84;25.1
491;85;25.1
492;84;25.1
493;85;25.1
494;84;25.1
495;85;25.1
496;85;25.1
497;85;25.1
498;85;25.1
499;84;25.1
500;84;25.1
501;85;25.1
502;84;25.1
503;84;25.1
504;83;25.1
505;82;25.1
506;82;25.1
507;82;25.1
508;81;25.1
509;81;25.1
510;81;25.1
511;81;25.1
512;81;25.1
513;82;25.1
514;83;25.1
515;83;25.1
516;84;25.1
517;84;25.1
518;84;25.1
519;84;25.2
520;84;25.2
521;83;25.2
522;83;25.2
523;82;25.2
524;82;25.2
525;82;25.2
526;82;25.2
527;82;25.2
528;82;25.2
529;82;25.2
530;82;25.2
531;81;25.2
532;81;25.2
533;81;25.2
534;80;25.2
535;80;25.2
536;79;25.2
537;79;25.2
538;78;25.2
539;79;25.2
540;79;25.2
541;79;25.2
542;79;25.2
543;80;25.2
544;81;25.2
545;81;25.2
546;82;25.2
547;81;25.2
548;80;25.2
549;79;25.2
550;79;25.2
551;79;25.2
552;78;25.2
553;77;25.3
554;77;25.2
555;77;25.2
556;78;25.3
557;78;25.3
558;78;25.3
559;77;25.3
560;77;25.3
561;78;25.3
562;78;25.3
563;77;25.3
564;76;25.3
565;75;25.3
566;75;25.3
567;75;25.3
568;75;25.3
569;74;25.3
570;73;25.3
571;73;25.3
572;73;25.3
573;73;25.4
574;73;25.3
575;73;25.3
576;72;25.3
577;72;25.4
578;72;25.4
579;72;25.4
580;72;25.4
581;72;25.4
582;73;25.4
583;73;25.4
584;73;25.4
585;72;25.4
586;73;25.4
587;73;25.4
588;72;25.4
589;72;25.4
590;72;25.4
591;72;25.4
592;72;25.4
593;73;25.4
594;73;25.4
595;73;25.4
596;73;25.4
597;72;25.4
598;71;25.4
599;71;25.4
600;70;25.4
601;70;25.4
602;70;25.4
603;70;25.4
604;70;25.4
605;70;25.4
606;70;25.4
607;69;25.4
608;69;25.4
609;69;25.4
610;68;25.4
611;68;25.4
612;68;25.4
613;68;25.4
614;68;25.4
615;68;25.4
616;68;25.4
617;68;25.4
618;68;25.4
619;68;25.4
620;68;25.4
621;68;25.4
622;68;25.4
623;68;25.4
624;69;25.4
625;68;25.4
626;68;25.5
627;69;25.5
628;69;25.5
629;69;25.5
630;69;25.5
631;69;25.5
632;70;25.5
633;70;25.5
634;70;25.5
635;69;25.5
636;69;25.5
637;68;25.5
638;68;25.5
639;68;25.6
640;67;25.5
641;67;25.5
642;67;25.5
643;67;25.5
644;68;25.5
645;67;25.6
646;68;25.5
647;68;25.6
648;69;25.6
649;70;25.6
650;69;25.6
651;69;25.6
652;69;25.6
653;69;25.6
654;69;25.6
655;69;25.6
656;69;25.6
657;68;25.6
658;69;25.6
659;69;25.6
660;69;25.6
661;69;25.6
662;68;25.6
663;68;25.6
664;68;25.6
665;67;25.6
666;67;25.6
667;67;25.6
668;68;25.7
669;68;25.7
670;68;25.7
671;69;25.6
672;68;25.7
673;69;25.7
674;68;25.7
675;68;25.7
676;68;25.7
677;68;25.7
678;68;25.7
679;67;25.7
680;67;25.7
681;67;25.7
682;67;25.7
683;67;25.7
684;67;25.7
685;67;25.7
686;66;25.7
687;67;25.7
688;68;25.7
689;67;25.7
690;68;25.7
691;68;25.7
692;68;25.7
693;68;25.7
694;69;25.7
695;69;25.7
696;69;25.7
697;69;25.8
698;70;25.7
699;69;25.7
700;70;25.7
701;70;25.7
702;70;25.7
703;71;25.8
704;72;25.8
705;72;25.8
706;72;25.8
707;72;25.8
708;72;25.8
709;72;25.8
710;72;25.8
711;72;25.8
712;71;25.8
713;72;25.8
714;72;25.8
715;72;25.8
716;72;25.8
717;72;25.8
718;72;25.8
719;72;25.8
720;73;25.8
721;73;25.8
722;74;25.8
723;74;25.8
724;75;25.8
725;75;25.8
726;75;25.8
727;76;25.8
728;76;25.9
729;76;25.9
730;75;25.9
731;76;25.9
732;75;25.9
733;75;25.9
734;76;25.9
735;74;25.9
736;74;25.9
737;73;25.9
738;73;25.9
739;73;25.9
740;73;25.9
741;73;25.9
742;72;25.9
743;72;25.9
744;72;25.9
745;73;25.9
746;73;25.9
747;73;25.9
748;72;25.9
749;72;25.9
750;72;25.9
751;72;25.9
752;73;25.9
753;72;25.9
754;72;25.9
755;72;25.9
756;73;25.9
757;73;25.9
758;73;25.9
759;73;25.9
760;73;25.9
761;72;25.9
762;72;25.9
763;72;25.9
764;71;26.0
765;71;25.9
766;72;25.9
767;72;26.0
768;73;26.0
769;73;26.0
770;72;26.0
771;72;26.0
772;73;26.0
773;72;26.0
774;71;26.0
775;70;26.0
776;70;26.0
777;69;26.0
778;69;26.0
779;69;26.0
780;68;26.0
781;68;26.0
782;69;26.0
783;68;26.0
784;67;26.1
785;67;26.0
786;67;26.0
787;67;26.0
788;67;26.1
789;67;26.1
790;67;26.1
791;67;26.1
792;68;26.1
793;68;26.1
794;68;26.1
795;68;26.1
796;68;26.1
797;68;26.1
798;68;26.1
799;68;26.1
800;67;26.1
801;68;26.1
802;68;26.1
803;67;26.1
804;67;26.2
805;67;26.2
806;67;26.2
807;67;26.2
808;66;26.2
809;66;26.2
810;66;26.2
811;66;26.2
812;66;26.2
813;66;26.2
814;66;26.2
815;66;26.2
816;66;26.2
817;67;26.2
818;68;26.2
819;68;26.2
820;68;26.2
821;68;26.2
822;68;26.2
823;68;26.2
824;68;26.2
825;68;26.2
826;67;26.2
827;67;26.2
828;66;26.2
829;66;26.2
830;66;26.2
831;66;26.2
832;66;26.2
833;66;26.2
834;66;26.2
835;66;26.2
836;66;26.2
837;66;26.2
838;65;26.2
839;65;26.2
840;65;26.2
841;64;26.2
842;65;26.2
843;65;26.2
844;64;26.2
845;64;26.2
846;64;26.2
847;64;26.3
848;64;26.3
849;64;26.2
850;65;26.3
851;65;26.3
852;64;26.3
853;65;26.3
854;65;26.3
855;65;26.3
856;66;26.3
857;66;26.3
858;67;26.3
859;69;26.3
860;70;26.3
861;70;26.3
862;71;26.3
863;72;26.3
864;74;26.4
865;77;26.3
866;78;26.4
867;78;26.3
868;79;26.4
869;80;26.4
870;81;26.4
871;82;26.4
872;80;26.3
873;79;26.4
874;77;26.4
875;78;26.4
876;80;26.4
877;83;26.4
878;84;26.4
879;84;26.4
880;87;26.4
881;90;26.4
882;93;26.4
883;94;26.4
884;96;26.4
885;98;26.4
886;102;26.4
887;107;26.4
888;111;26.4
889;114;26.4
890;117;26.4
891;120;26.4
892;122;26.4
893;123;26.4
894;124;26.4
895;125;26.5
896;125;26.5
897;126;26.5
898;128;26.5
899;129;26.5
900;131;26.5
901;132;26.5
902;135;26.5
903;136;26.5
904;138;26.5
905;140;26.6
906;142;26.6
907;143;26.7
908;144;26.7
909;147;26.7
910;147;26.8
911;148;26.9
912;148;27.0
913;147;27.0
914;148;27.0
915;147;27.0
916;147;27.1
917;146;27.2
918;145;27.2
919;145;27.2
920;115;27.3
921;113;27.3
922;113;27.4
923;110;27.4
924;111;27.4
925;111;27.5
926;111;27.5
927;115;27.5
928;138;27.5
929;138;27.5
930;138;27.5
931;137;27.5
932;136;27.6
933;134;27.6
934;134;27.6
935;133;27.6
936;133;27.6
937;133;27.6
938;133;27.6
939;133;27.7
940;134;27.7
941;135;27.7
942;137;27.7
943;140;27.7
944;140;27.7
945;132;27.7
946;132;27.7
947;132;27.7
948;133;27.7
949;131;27.7
950;131;27.7
951;128;27.7
952;128;27.7
953;135;27.7
954;134;27.7
955;132;27.7
956;132;27.7
957;133;27.7
958;133;27.7
959;133;27.7
960;131;27.7
961;128;27.7
962;127;27.7
963;127;27.7
964;126;27.7
965;124;27.7
966;123;27.7
967;122;27.7
968;121;27.7
969;121;27.7
970;121;27.7
971;120;27.7
972;120;27.7
973;120;27.7
974;121;27.7
975;121;27.7
976;120;27.7
977;118;27.7
978;118;27.7
979;119;27.7
980;119;27.7
981;118;27.7
982;116;27.7
983;116;27.7
984;117;27.7
985;118;27.7
986;119;27.7
987;119;27.7
988;119;27.7
989;120;27.7
990;120;27.7
991;120;27.7
992;121;27.7
993;122;27.7
994;122;27.7
995;122;27.7
996;123;27.7
997;123;27.7
998;123;27.7
999;124;27.7
1000;125;27.7
1001;125;27.7
1002;125;27.7
1003;125;27.7
1004;125;27.7
1005;125;27.7
1006;125;27.7
1007;126;27.7
1008;125;27.7
1009;125;27.7
1010;124;27.7
1011;124;27.7
1012;123;27.7
1013;122;27.7
1014;120;27.7
1015;119;27.7
1016;117;27.7
1017;117;27.7
1018;116;27.7
1019;116;27.7
1020;116;27.7
1021;117;27.7
1022;117;27.7
1023;117;27.7
1024;119;27.7
1025;119;27.7
1026;120;27.7
1027;119;27.7
1028;119;27.7
1029;117;27.7
1030;119;27.7
1031;120;27.7
1032;119;27.7
1033;118;27.7
1034;116;27.7
1035;117;27.7
1036;117;27.7
1037;118;27.7
1038;118;27.7
1039;117;27.7
1040;117;27.7
1041;116;27.6
1042;116;27.6
1043;115;27.7
1044;116;27.6
1045;116;27.6
1046;115;27.6
1047;114;27.6
1048;113;27.6
1049;113;27.6
1050;112;27.7
1051;111;27.6
1052;110;27.7
1053;109;27.6
1054;108;27.6
1055;107;27.6
1056;106;27.6
1057;106;27.6
1058;105;27.6
1059;104;27.6
1060;103;27.6
1061;102;27.6
1062;101;27.6
1063;102;27.6
1064;102;27.6
1065;102;27.6
1066;102;27.6
1067;102;27.6
1068;102;27.6
1069;102;27.6
1070;101;27.6
1071;99;27.6
1072;97;27.6
1073;95;27.6
1074;94;27.6
1075;94;27.6
1076;93;27.6
1077;93;27.6
1078;93;27.6
1079;93;27.6
1080;94;27.6
1081;94;27.6
1082;94;27.6
1083;93;27.6
1084;92;27.6
1085;91;27.6
1086;91;27.6
1087;91;27.6
1088;91;27.6
1089;91;27.6
1090;89;27.5
1091;88;27.5
1092;89;27.5
1093;88;27.5
1094;87;27.6
1095;87;27.5
1096;86;27.5
1097;86;27.5
1098;87;27.5
1099;87;27.5
1100;86;27.5
1101;86;27.5
1102;85;27.5
1103;84;27.5
1104;84;27.5
1105;83;27.5
1106;83;27.5
1107;83;27.5
1108;83;27.5
1109;83;27.5
1110;83;27.5
1111;84;27.5
1112;85;27.5
1113;85;27.5
1114;85;27.5
1115;85;27.5
1116;85;27.5
1117;84;27.5
1118;85;27.5
1119;86;27.5
1120;85;27.5
1121;85;27.5
1122;85;27.5
1123;86;27.5
1124;87;27.5
1125;91;27.5
1126;94;27.5
1127;96;27.5
1128;98;27.5
1129;101;27.5
1130;103;27.5
1131;104;27.5
1132;105;27.5
1133;105;27.5
1134;104;27.5
1135;104;27.5
1136;104;27.5
1137;103;27.5
1138;102;27.5
1139;102;27.5
1140;101;27.5
1141;101;27.5
1142;99;27.5
1143;97;27.5
1144;96;27.5
1145;95;27.5
1146;95;27.5
1147;95;27.5
1148;94;27.5
1149;94;27.5
1150;94;27.5
1151;94;27.5
1152;94;27.5
1153;93;27.5
1154;92;27.5
1155;91;27.5
1156;92;27.5
1157;91;27.5
1158;91;27.5
1159;91;27.5
1160;90;27.5
1161;90;27.5
1162;90;27.5
1163;89;27.5
1164;89;27.5
1165;88;27.5
1166;88;27.6
1167;86;27.5
1168;86;27.5
1169;85;27.5
1170;84;27.5
1171;84;27.5
1172;83;27.6
1173;84;27.6
1174;84;27.5
1175;86;27.6
1176;86;27.6
1177;87;27.6
1178;87;27.6
1179;87;27.6
1180;86;27.6
1181;86;27.6
1182;87;27.6
1183;87;27.6
1184;86;27.6
1185;87;27.6
1186;86;27.6
1187;86;27.6
1188;86;27.6
1189;85;27.6
1190;82;27.6
1191;83;27.6
1192;83;27.6
1193;83;27.6
1194;82;27.6
1195;83;27.6
1196;84;27.6
1197;86;27.6
1198;89;27.6
1199;88;27.6
1200;89;27.6
1201;88;27.6
1202;90;27.6
1203;89;27.6
1204;90;27.6
1205;90;27.6
1206;90;27.6
1207;90;27.6
1208;90;27.6
1209;90;27.6
1210;89;27.6
1211;88;27.6
1212;87;27.6
1213;86;27.6
1214;85;27.6
1215;85;27.6
1216;85;27.6
1217;85;27.6
1218;88;27.6
1219;89;27.6
1220;90;27.6
1221;93;27.7
1222;94;27.6
1223;95;27.6
1224;97;27.7
1225;97;27.7
1226;97;27.6
1227;97;27.7
1228;97;27.7
1229;96;27.7
1230;96;27.7
1231;94;27.7
1232;93;27.7
1233;93;27.7
1234;93;27.7
1235;93;27.7
1236;93;27.7
1237;92;27.7
1238;93;27.7
1239;93;27.7
1240;93;27.7
1241;93;27.7
1242;93;27.7
1243;93;27.7
1244;93;27.7
1245;92;27.7
1246;93;27.7
1247;92;27.7
1248;93;27.7
1249;92;27.7
1250;91;27.7
1251;92;27.7
1252;92;27.7
1253;92;27.7
1254;91;27.7
1255;92;27.7
1256;93;27.7
1257;93;27.7
1258;94;27.7
1259;93;27.7
1260;92;27.7
1261;91;27.7
1262;91;27.7
1263;90;27.7
1264;89;27.7
1265;88;27.7
1266;88;27.7
1267;88;27.7
1268;89;27.7
1269;89;27.7
1270;89;27.7
1271;90;27.7
1272;90;27.8
1273;91;27.8
1274;91;27.8
1275;91;27.8
1276;91;27.8
1277;92;27.8
1278;92;27.8
1279;92;27.8
1280;93;27.8
1281;94;27.8
1282;94;27.8
1283;95;27.8
1284;96;27.8
1285;96;27.8
1286;97;27.8
1287;97;27.8
1288;96;27.8
1289;96;27.8
1290;96;27.8
1291;97;27.8
1292;97;27.8
1293;97;27.8
1294;97;27.8
1295;96;27.8
1296;96;27.8
1297;96;27.8
1298;96;27.8
1299;96;27.8
1300;95;27.8
1301;95;27.8
1302;95;27.9
1303;95;27.9
1304;96;27.8
1305;95;27.9
1306;95;27.9
1307;96;27.9
1308;97;27.9
1309;97;27.9
1310;98;27.9
1311;98;27.9
1312;98;27.9
1313;100;27.9
1314;100;27.9
1315;100;27.9
1316;101;27.9
1317;102;27.9
1318;103;27.9
1319;104;27.9
1320;104;27.9
1321;104;27.9
1322;105;27.9
1323;105;28.0
1324;104;27.9
1325;103;27.9
1326;102;28.0
1327;102;28.0
1328;101;28.0
1329;101;27.9
1330;100;28.0
1331;100;28.0
1332;101;28.0
1333;101;28.0
1334;101;28.0
1335;101;28.0
1336;101;28.0
1337;102;28.0
1338;103;28.0
1339;102;28.0
1340;103;28.0
1341;103;28.0
1342;103;28.0
1343;103;28.0
1344;103;28.0
1345;102;28.0
1346;102;28.0
1347;102;28.0
1348;102;28.0
1349;102;28.0
1350;102;28.0
1351;102;28.0
1352;102;28.0
1353;103;28.0
1354;102;28.0
1355;103;28.0
1356;103;28.0
1357;103;28.0
1358;103;28.0
1359;103;28.0
1360;103;28.0
1361;102;28.0
1362;103;28.0
1363;103;28.0
1364;102;28.0
1365;102;28.0
1366;102;28.0
1367;100;28.0
1368;100;28.0
1369;99;28.0
1370;98;28.0
1371;97;28.0
1372;96;28.0
1373;95;28.0
1374;94;28.0
1375;95;28.1
1376;95;28.0
1377;95;28.0
1378;95;28.1
1379;96;28.1
1380;96;28.1
1381;97;28.1
1382;96;28.1
1383;96;28.1
1384;96;28.1
1385;96;28.1
1386;96;28.1
1387;97;28.1
1388;98;28.1
1389;99;28.1
1390;99;28.1
1391;100;28.1
1392;101;28.1
1393;102;28.1
1394;102;28.1
1395;101;28.1
1396;99;28.2
1397;98;28.2
1398;99;28.2
1399;98;28.2
1400;98;28.2
1401;96;28.2
1402;95;28.2
1403;94;28.2
1404;94;28.2
1405;93;28.2
1406;92;28.2
1407;90;28.2
1408;89;28.2
1409;89;28.2
1410;88;28.2
1411;87;28.2
1412;86;28.2
1413;86;28.2
1414;85;28.2
1415;85;28.2
1416;85;28.2
1417;85;28.2
1418;85;28.2
1419;85;28.2
1420;85;28.2
1421;85;28.2
1422;86;28.2
1423;87;28.2
1424;87;28.2
1425;89;28.2
1426;91;28.2
1427;95;28.2
1428;96;28.2
1429;100;28.2
1430;102;28.2
1431;104;28.2
1432;105;28.2
1433;106;28.2
1434;107;28.2
1435;107;28.2
1436;107;28.2
1437;106;28.2
1438;106;28.2
1439;107;28.2
1440;106;28.2
1441;106;28.2
1442;106;28.2
1443;105;28.2
1444;105;28.3
1445;105;28.2
1446;104;28.2
1447;104;28.3
1448;104;28.3
1449;104;28.3
1450;104;28.3
1451;105;28.3
1452;104;28.3
1453;103;28.3
1454;104;28.3
1455;105;28.3
1456;105;28.3
1457;105;28.3
1458;105;28.3
1459;105;28.3
1460;105;28.3
1461;105;28.3
1462;105;28.3
1463;104;28.3
1464;104;28.3
1465;105;28.3
1466;105;28.3
1467;105;28.3
1468;106;28.3
1469;106;28.4
1470;107;28.3
1471;107;28.3
1472;107;28.4
1473;107;28.4
1474;107;28.4
1475;107;28.4
1476;107;28.4
1477;107;28.4
1478;106;28.4
1479;106;28.4
1480;107;28.4
1481;108;28.4
1482;108;28.4
1483;109;28.4
1484;109;28.4
1485;110;28.4
1486;110;28.4
1487;110;28.4
1488;110;28.4
1489;109;28.4
1490;110;28.4
1491;111;28.4
1492;111;28.4
1493;112;28.4
1494;113;28.4
1495;114;28.4
1496;114;28.4
1497;114;28.4
1498;114;28.4
1499;114;28.4
1500;114;28.4
1501;115;28.4
1502;114;28.4
1503;115;28.4
1504;115;28.4
1505;116;28.4
1506;116;28.5
1507;117;28.4
1508;117;28.5
1509;116;28.5
1510;117;28.5
1511;117;28.5
1512;117;28.5
1513;117;28.5
1514;117;28.5
1515;117;28.5
1516;117;28.5
1517;118;28.5
1518;118;28.5
1519;118;28.5
1520;119;28.5
1521;118;28.5
1522;118;28.5
1523;119;28.5
1524;118;28.5
1525;118;28.5
1526;117;28.5
1527;117;28.5
1528;118;28.5
1529;119;28.5
1530;119;28.5
1531;117;28.5
1532;117;28.5
1533;117;28.5
1534;118;28.5
1535;118;28.5
1536;119;28.5
1537;119;28.5
1538;120;28.5
1539;120;28.5
1540;122;28.5
1541;123;28.5
1542;123;28.5
1543;123;28.5
1544;123;28.5
1545;123;28.5
1546;123;28.5
1547;123;28.5
1548;122;28.5
1549;121;28.5
1550;121;28.5
1551;120;28.5
1552;119;28.5
1553;119;28.5
1554;119;28.5
1555;118;28.5
1556;118;28.5
1557;117;28.5
1558;116;28.5
1559;116;28.5
1560;116;28.5
1561;115;28.5
1562;115;28.5
1563;115;28.5
1564;115;28.5
1565;116;28.5
1566;116;28.5
1567;116;28.5
1568;116;28.5
1569;117;28.5
1570;117;28.6
1571;117;28.5
1572;117;28.5
1573;118;28.5
1574;118;28.6
1575;119;28.5
1576;120;28.5
1577;120;28.5
1578;120;28.6
1579;121;28.6
1580;121;28.6
1581;120;28.6
1582;120;28.6
1583;120;28.6
1584;119;28.6
1585;120;28.6
1586;119;28.6
1587;119;28.6
1588;118;28.6
1589;118;28.6
1590;118;28.6
1591;118;28.6
1592;117;28.6
1593;117;28.6
1594;117;28.6
1595;117;28.6
1596;117;28.6
1597;117;28.6
1598;117;28.6
1599;117;28.6
1600;116;28.6
1601;116;28.6
1602;115;28.6
1603;115;28.6
1604;115;28.6
1605;115;28.6
1606;114;28.6
1607;114;28.6
1608;115;28.7
1609;115;28.6
1610;116;28.6
1611;116;28.7
1612;116;28.7
1613;116;28.7
1614;115;28.7
1615;115;28.6
1616;113;28.6
1617;112;28.7
1618;112;28.7
1619;110;28.7
1620;110;28.7
1621;109;28.7
1622;109;28.7
1623;109;28.7
1624;109;28.7
1625;109;28.7
1626;109;28.7
1627;110;28.7
1628;110;28.7
1629;110;28.7
1630;110;28.7
1631;109;28.7
1632;109;28.7
1633;109;28.7
1634;109;28.7
1635;109;28.7
1636;110;28.7
1637;111;28.7
1638;111;28.7
1639;112;28.7
1640;112;28.7
1641;112;28.7
1642;112;28.7
1643;112;28.7
1644;112;28.7
1645;110;28.7
1646;110;28.7
1647;109;28.7
1648;109;28.7
1649;108;28.7
1650;108;28.7
1651;108;28.7
1652;108;28.7
1653;108;28.7
1654;108;28.7
1655;108;28.7
1656;106;28.7
1657;106;28.7
1658;106;28.7
1659;106;28.7
1660;106;28.7
1661;106;28.8
1662;107;28.7
1663;107;28.7
1664;106;28.8
1665;106;28.8
1666;106;28.8
1667;106;28.8
1668;107;28.8
1669;107;28.8
1670;108;28.8
1671;108;28.8
1672;109;28.8
1673;109;28.8
1674;109;28.8
1675;109;28.8
1676;108;28.8
1677;107;28.8
1678;107;28.8
1679;107;28.8
1680;107;28.8
1681;108;28.8
1682;108;28.8
1683;111;28.9
1684;111;28.8
1685;111;28.9
1686;111;28.8
1687;110;28.9
1688;110;28.9
1689;108;28.9
1690;108;28.9
1691;106;28.9
1692;106;28.9
1693;106;28.9
1694;106;28.9
1695;105;28.9
1696;105;28.9
1697;106;28.9
1698;106;28.9
1699;106;28.9
1700;106;28.9
1701;106;28.9
1702;105;28.9
1703;106;28.9
1704;106;28.9
1705;105;28.9
1706;105;28.9
1707;105;28.9
1708;105;28.9
1709;105;28.9
1710;106;28.9
1711;106;28.9
1712;105;28.9
1713;105;28.9
1714;106;28.9
1715;106;28.9
1716;106;28.9
1717;106;28.9
1718;106;28.9
1719;106;28.9
1720;106;28.9
1721;106;28.9
1722;105;28.9
1723;105;28.9
1724;105;28.9
1725;105;28.9
1726;105;28.9
1727;105;28.9
1728;104;28.9
1729;104;28.9
1730;105;28.9
1731;105;28.9
1732;105;28.9
1733;105;28.9
1734;106;29.0
1735;106;28.9
1736;107;28.9
1737;108;29.0
1738;109;28.9
1739;110;29.0
1740;110;29.0
1741;110;28.9
1742;110;28.9
1743;110;29.0
1744;110;29.0
1745;111;29.0
1746;111;29.0
1747;112;29.0
1748;112;29.0
1749;113;29.0
1750;113;29.0
1751;113;29.0
1752;113;29.0
1753;113;29.0
1754;113;29.0
1755;112;29.0
1756;112;29.0
1757;112;29.0
1758;112;29.0
1759;112;29.0
1760;112;29.1
1761;112;29.0
1762;112;29.0
1763;112;29.1
1764;112;29.1
1765;113;29.1
1766;113;29.1
1767;114;29.1
1768;114;29.1
1769;114;29.1
1770;115;29.1
1771;115;29.1
1772;113;29.1
1773;113;29.1
1774;113;29.1
1775;113;29.1
1776;112;29.1
1777;112;29.1
1778;114;29.1
1779;114;29.1
1780;114;29.1
1781;114;29.1
1782;114;29.1
1783;114;29.1
1784;115;29.1
1785;115;29.1
1786;113;29.1
1787;113;29.1
1788;114;29.1
1789;114;29.1
1790;112;29.1
1791;112;29.1
1792;111;29.2
1793;111;29.1
1794;110;29.1
1795;110;29.2
1796;110;29.2
1797;109;29.1
1798;109;29.1
1799;108;29.2
1800;108;29.1
1801;109;29.1
1802;109;29.1
1803;110;29.1
1804;110;29.1
1805;110;29.2
1806;110;29.1
1807;110;29.1
1808;110;29.1
1809;111;29.1
1810;111;29.1
1811;110;29.2
1812;110;29.2
1813;110;29.2
1814;110;29.1
1815;109;29.1
1816;109;29.2
1817;109;29.2
1818;109;29.2
1819;109;29.2
1820;109;29.2
1821;107;29.2
1822;107;29.2
1823;108;29.2
1824;108;29.2
1825;108;29.2
1826;108;29.2
1827;107;29.2
1828;107;29.2
1829;107;29.2
1830;106;29.2
1831;106;29.2
1832;105;29.2
1833;105;29.2
1834;105;29.2
1835;105;29.2
1836;105;29.2
1837;105;29.2
1838;106;29.2
1839;106;29.2
1840;105;29.2
1841;105;29.2
1842;105;29.2
1843;105;29.2
1844;105;29.2
1845;105;29.2
1846;104;29.2
1847;104;29.2
1848;104;29.2
1849;104;29.2
1850;103;29.2
1851;103;29.2
1852;102;29.2
1853;102;29.2
1854;102;29.2
1855;102;29.2
1856;101;29.2
1857;102;29.2
1858;102;29.2
1859;103;29.2
1860;103;29.2
1861;102;29.2
1862;102;29.2
1863;103;29.2
1864;103;29.2
1865;102;29.2
1866;102;29.2
1867;102;29.2
1868;102;29.2
1869;104;29.2
1870;104;29.2
1871;103;29.2
1872;103;29.2
1873;104;29.2
1874;104;29.2
1875;105;29.2
1876;105;29.2
1877;105;29.2
1878;105;29.2
1879;104;29.2
1880;104;29.2
1881;104;29.2
1882;104;29.2
1883;102;29.2
1884;102;29.2
1885;102;29.2
1886;102;29.2
1887;101;29.2
1888;101;29.2
1889;100;29.2
1890;99;29.2
1891;99;29.2
1892;99;29.2
1893;99;29.2
1894;99;29.2
1895;99;29.2
1896;99;29.2
1897;99;29.2
1898;99;29.2
1899;99;29.2
1900;100;29.2
1901;100;29.2
1902;100;29.2
1903;100;29.2
1904;101;29.2
1905;101;29.2
1906;101;29.2
1907;101;29.2
1908;102;29.2
1909;102;29.2
1910;102;29.2
1911;102;29.2
1912;102;29.2
1913;102;29.2
1914;102;29.2
1915;102;29.2
1916;102;29.2
1917;101;29.2
1918;101;29.2
1919;101;29.2
1920;101;29.2
1921;101;29.2
1922;102;29.2
1923;102;29.2
1924;102;29.2
1925;103;29.2
1926;103;29.2
1927;105;29.2
1928;105;29.2
1929;105;29.2
1930;105;29.2
1931;105;29.2
1932;105;29.2
1933;105;29.2
1934;105;29.2
1935;104;29.2
1936;104;29.2
1937;103;29.2
1938;103;29.2
1939;103;29.2
1940;103;29.2
1941;103;29.2
1942;103;29.2
1943;103;29.2
1944;103;29.2
1945;102;29.2
1946;101;29.2
1947;100;29.2
1948;100;29.2
1949;99;29.2
1950;99;29.2
1951;98;29.2
1952;98;29.2
1953;98;29.2
1954;99;29.2
1955;99;29.2
1956;98;29.2
1957;98;29.2
1958;97;29.2
1959;97;29.2
1960;97;29.2
1961;97;29.2
1962;95;29.2
1963;95;29.2
1964;95;29.2
1965;95;29.2
1966;95;29.2
1967;95;29.2
1968;95;29.2
1969;95;29.2
1970;96;29.2
1971;96;29.2
1972;96;29.2
1973;96;29.2
1974;96;29.2
1975;96;29.2
1976;95;29.2
1977;95;29.2
1978;95;29.2
1979;95;29.2
1980;95;29.2
1981;95;29.2
1982;95;29.2
1983;95;29.2
1984;95;29.2
1985;94;29.2
1986;94;29.2
1987;95;29.2
1988;95;29.2
1989;95;29.2
1990;95;29.2
1991;94;29.2
1992;94;29.2
1993;96;29.2
1994;96;29.2
1995;95;29.2
1996;95;29.2
1997;95;29.2
1998;95;29.2
1999;97;29.2
2000;97;29.2
2001;98;29.2
2002;98;29.2
2003;99;29.2
2004;99;29.2
2005;100;29.2
2006;99;29.2
2007;98;29.2
2008;96;29.2
2009;96;29.2
2010;95;29.2
2011;95;29.2
2012;95;29.2
2013;93;29.2
2014;93;29.2
2015;93;29.2
2016;93;29.2
2017;93;29.2
2018;92;29.2
2019;92;29.2
2020;90;29.2
2021;90;29.2
2022;90;29.2
2023;90;29.2
2024;90;29.2
2025;90;29.2
2026;91;29.2
2027;91;29.2
2028;93;29.2
2029;93;29.2
2030;95;29.2
2031;95;29.2
2032;97;29.2
2033;97;29.2
2034;98;29.2
2035;98;29.2
2036;97;29.2
2037;97;29.2
2038;96;29.2
2039;95;29.2
2040;96;29.2
2041;96;29.2
2042;96;29.2
2043;96;29.2
2044;96;29.2
2045;96;29.2
2046;97;29.2
2047;97;29.2
2048;97;29.2
2049;97;29.2
2050;97;29.2
2051;96;29.2
2052;96;29.2
2053;96;29.2
2054;96;29.2
2055;95;29.2
2056;95;29.2
2057;93;29.2
2058;93;29.2
2059;92;29.2
2060;92;29.2
2061;90;29.2
2062;90;29.2
2063;89;29.3
2064;89;29.2
2065;90;29.2
2066;90;29.2
2067;90;29.3
2068;90;29.3
2069;91;29.3
2070;91;29.2
2071;91;29.3
2072;92;29.3
2073;91;29.3
2074;91;29.3
2075;91;29.3
2076;91;29.3
2077;92;29.3
2078;93;29.3
2079;94;29.3
2080;94;29.3
2081;94;29.3
2082;94;29.3
2083;94;29.3
2084;96;29.3
2085;96;29.3
2086;95;29.3
2087;95;29.3
2088;95;29.3
2089;95;29.3
2090;95;29.3
2091;95;29.3
2092;95;29.3
2093;95;29.3
2094;94;29.3
2095;93;29.3
2096;93;29.3
2097;93;29.3
2098;93;29.3
2099;93;29.3
2100;93;29.3
2101;94;29.3
2102;94;29.3
2103;96;29.3
2104;96;29.4
2105;97;29.3
2106;97;29.3
2107;97;29.3
2108;97;29.3
2109;97;29.3
2110;97;29.4
2111;96;29.4
2112;97;29.4
2113;95;29.4
2114;96;29.4
2115;96;29.4
2116;96;29.4
2117;96;29.4
2118;96;29.4
2119;96;29.4
2120;96;29.4
2121;96;29.4
2122;96;29.4
2123;96;29.4
2124;96;29.4
2125;94;29.4
2126;94;29.4
2127;95;29.4
2128;95;29.4
2129;96;29.4
2130;95;29.4
2131;95;29.4
2132;95;29.4
2133;96;29.4
2134;96;29.4
2135;95;29.4
2136;95;29.4
2137;95;29.4
2138;95;29.4
2139;95;29.4
2140;95;29.4
2141;96;29.4
2142;96;29.4
2143;96;29.4
2144;96;29.4
2145;96;29.4
2146;98;29.4
2147;98;29.4
2148;98;29.4
2149;98;29.4
2150;98;29.4
2151;98;29.4
2152;98;29.4
2153;98;29.4
2154;99;29.4
2155;99;29.4
2156;100;29.4
2157;100;29.4
2158;100;29.4
2159;100;29.4
2160;101;29.4
2161;101;29.4
2162;101;29.4
2163;102;29.4
2164;102;29.4
2165;103;29.4
2166;103;29.4
2167;103;29.4
2168;102;29.4
2169;102;29.4
2170;102;29.4
2171;101;29.4
2172;101;29.4
2173;101;29.4
2174;101;29.4
2175;100;29.4
2176;100;29.4
2177;100;29.4
2178;99;29.4
2179;99;29.4
2180;99;29.4
2181;97;29.4
2182;96;29.4
2183;96;29.4
2184;95;29.4
2185;95;29.4
2186;95;29.4
2187;95;29.4
2188;95;29.4
2189;95;29.4
2190;95;29.4
2191;95;29.4
2192;96;29.4
2193;95;29.4
2194;96;29.4
2195;96;29.4
2196;96;29.4
2197;97;29.4
2198;97;29.4
2199;96;29.4
2200;95;29.4
2201;95;29.4
2202;94;29.4
2203;93;29.4
2204;93;29.4
2205;91;29.4
2206;91;29.4
2207;92;29.4
2208;93;29.4
2209;94;29.4
2210;95;29.4
2211;95;29.4
2212;97;29.4
2213;99;29.5
2214;99;29.4
2215;98;29.4
2216;98;29.5
2217;98;29.4
2218;97;29.5
2219;96;29.4
2220;96;29.4
2221;96;29.5
2222;96;29.5
2223;96;29.5
2224;96;29.5
2225;96;29.5
2226;96;29.5
2227;96;29.5
2228;94;29.5
2229;94;29.5
2230;93;29.5
2231;92;29.5
2232;91;29.5
2233;90;29.5
2234;89;29.4
2235;89;29.4
2236;89;29.4
2237;89;29.4
2238;89;29.4
2239;89;29.4
2240;89;29.4
2241;88;29.4
2242;88;29.4
2243;88;29.4
2244;88;29.4
2245;88;29.5
2246;88;29.4
2247;88;29.4
2248;88;29.4
2249;89;29.4
2250;89;29.4
2251;90;29.5
2252;91;29.4
2253;92;29.4
2254;93;29.4
2255;93;29.4
2256;94;29.4
2257;94;29.4
2258;94;29.4
2259;94;29.4
2260;94;29.5
2261;96;29.5
2262;96;29.4
2263;96;29.5
2264;96;29.4
2265;96;29.4
2266;96;29.5
2267;97;29.4
2268;97;29.4
2269;96;29.4
2270;95;29.4
2271;95;29.4
2272;95;29.4
2273;95;29.5
2274;95;29.4
2275;95;29.4
2276;94;29.4
2277;94;29.5
2278;94;29.5
2279;94;29.4
2280;94;29.5
2281;94;29.4
2282;93;29.5
2283;92;29.5
2284;93;29.5
2285;93;29.5
2286;93;29.5
2287;93;29.5
2288;92;29.5
2289;92;29.5
2290;92;29.5
2291;91;29.5
2292;90;29.5
2293;90;29.5
2294;89;29.5
2295;89;29.5
2296;89;29.5
2297;89;29.5
2298;90;29.5
2299;91;29.5
2300;90;29.5
2301;91;29.5
2302;91;29.5
2303;91;29.5
2304;90;29.5
2305;90;29.5
2306;89;29.5
2307;89;29.5
2308;90;29.5
2309;90;29.5
2310;90;29.5
2311;91;29.5
2312;92;29.5
2313;93;29.5
2314;93;29.5
2315;94;29.5
2316;94;29.5
2317;94;29.5
2318;95;29.5
2319;96;29.5
2320;96;29.5
2321;96;29.5
2322;96;29.5
2323;97;29.5
2324;97;29.5
2325;97;29.5
2326;97;29.5
2327;97;29.5
2328;98;29.5
2329;99;29.6
2330;99;29.5
2331;98;29.5
2332;96;29.5
2333;95;29.5
2334;96;29.5
2335;93;29.6
2336;91;29.5
2337;89;29.5
2338;89;29.5
2339;88;29.5
2340;88;29.6
2341;87;29.5
2342;84;29.5
2343;83;29.5
2344;84;29.5
2345;83;29.5
2346;83;29.5
2347;83;29.5
2348;80;29.6
2349;79;29.6
2350;80;29.5
2351;80;29.5
2352;79;29.5
2353;78;29.5
2354;79;29.6
2355;78;29.5
2356;79;29.5
2357;79;29.6
2358;79;29.6
2359;80;29.5
2360;81;29.5
2361;81;29.5
2362;80;29.5
2363;82;29.5
2364;82;29.5
2365;83;29.6
2366;84;29.6
2367;83;29.5
2368;82;29.5
2369;82;29.5
2370;84;29.5
2371;83;29.5
2372;84;29.5
2373;85;29.5
2374;87;29.5
2375;88;29.5
2376;89;29.5
2377;90;29.6
2378;91;29.6
2379;93;29.6
2380;93;29.6
2381;92;29.6
2382;91;29.6
2383;91;29.6
2384;92;29.6
2385;91;29.6
2386;91;29.6
2387;90;29.6
2388;89;29.6
2389;90;29.6
2390;91;29.6
2391;91;29.6
2392;90;29.6
2393;90;29.6
2394;91;29.6
2395;91;29.6
2396;91;29.6
2397;92;29.6
2398;93;29.6
2399;92;29.6
2400;92;29.6
2401;92;29.6
2402;92;29.6
2403;91;29.6
2404;92;29.6
2405;91;29.6
2406;91;29.6
2407;92;29.7
2408;93;29.6
2409;94;29.7
2410;94;29.7
2411;94;29.7
2412;96;29.7
2413;96;29.7
2414;96;29.7
2415;96;29.7
2416;96;29.7
2417;95;29.7
2418;95;29.7
2419;95;29.7
2420;94;29.7
2421;94;29.7
2422;94;29.7
2423;93;29.7
2424;94;29.7
2425;94;29.7
2426;94;29.7
2427;95;29.7
2428;94;29.7
2429;94;29.7
2430;94;29.7
2431;95;29.7
2432;95;29.7
2433;96;29.7
2434;96;29.7
2435;96;29.7
2436;95;29.7
2437;96;29.7
2438;97;29.7
2439;96;29.7
2440;96;29.7
2441;95;29.7
2442;95;29.7
2443;96;29.7
2444;96;29.7
2445;96;29.7
2446;94;29.7
2447;95;29.7
2448;95;29.7
2449;95;29.8
2450;94;29.7
2451;94;29.7
2452;94;29.7
2453;94;29.8
2454;95;29.8
2455;95;29.8
2456;95;29.8
2457;95;29.8
2458;96;29.8
2459;96;29.8
2460;95;29.8
2461;95;29.8
2462;96;29.8
2463;95;29.8
2464;95;29.8
2465;95;29.8
2466;96;29.8
2467;96;29.8
2468;96;29.8
2469;95;29.8
2470;95;29.8
2471;96;29.8
2472;96;29.8
2473;96;29.8
2474;96;29.8
2475;96;29.8
2476;97;29.8
2477;98;29.8
2478;98;29.8
2479;98;29.8
2480;98;29.8
2481;100;29.8
2482;99;29.8
2483;99;29.8
2484;99;29.8
2485;99;29.8
2486;99;29.8
2487;99;29.8
2488;99;29.8
2489;98;29.8
2490;99;29.8
2491;99;29.8
2492;99;29.8
2493;99;29.8
2494;99;29.8
2495;101;29.8
2496;100;29.8
2497;101;29.8
2498;101;29.8
2499;101;29.8
2500;102;29.8
2501;102;29.8
2502;102;29.8
2503;102;29.9
2504;103;29.9
2505;103;29.8
2506;104;29.8
2507;104;29.9
2508;104;29.9
2509;105;29.9
2510;105;29.8
2511;105;29.9
2512;105;29.9
2513;105;29.9
2514;105;29.9
2515;105;29.9
2516;105;29.9
2517;105;29.9
2518;105;29.8
2519;104;29.9
2520;105;29.8
2521;105;29.8
2522;106;29.9
2523;106;29.9
2524;107;29.9
2525;107;29.8
2526;107;29.9
2527;107;29.9
2528;106;29.9
2529;106;29.9
2530;105;29.8
2531;105;29.9
2532;104;29.9
2533;105;29.9
2534;105;29.9
2535;105;29.9
2536;105;29.9
2537;105;29.9
2538;105;29.9
2539;105;29.9
2540;106;29.9
2541;106;29.9
2542;106;29.9
2543;107;29.9
2544;108;29.9
2545;108;29.9
2546;108;29.9
2547;109;29.9
2548;109;29.9
2549;109;29.9
2550;109;29.9
2551;109;29.9
2552;109;29.9
2553;109;29.9
2554;109;29.9
2555;108;29.9
2556;108;29.9
2557;108;29.9
2558;107;29.9
2559;107;29.9
2560;107;29.9
2561;108;29.9
2562;108;29.9
2563;108;29.9
2564;109;29.9
2565;109;29.9
2566;111;29.9
2567;111;29.9
2568;111;30.0
2569;111;29.9
2570;110;29.9
2571;111;29.9
2572;110;29.9
2573;109;30.0
2574;108;30.0
2575;109;30.0
2576;109;30.0
2577;109;30.0
2578;109;30.0
2579;108;30.0
2580;109;30.0
2581;110;30.0
2582;110;30.0
2583;110;30.0
2584;111;30.0
2585;111;30.0
2586;112;30.0
2587;112;30.0
2588;112;30.0
2589;111;30.0
2590;110;30.0
2591;110;30.0
2592;110;30.0
2593;109;30.0
2594;109;30.0
2595;109;30.0
2596;109;30.1
2597;108;30.1
2598;108;30.0
2599;107;30.0
2600;107;30.1
2601;108;30.0
2602;108;30.0
2603;106;30.1
2604;106;30.1
2605;107;30.1
2606;107;30.1
2607;107;30.1
2608;105;30.1
2609;105;30.1
2610;106;30.1
2611;106;30.1
2612;106;30.1
2613;105;30.1
2614;105;30.1
2615;105;30.1
2616;106;30.1
2617;105;30.1
2618;104;30.1
2619;104;30.1
2620;104;30.0
2621;103;30.1
2622;102;30.1
2623;101;30.0
2624;101;30.0
2625;100;30.0
2626;100;30.0
2627;99;30.0
2628;99;30.0
2629;99;30.0
2630;99;30.0
2631;99;30.0
2632;99;30.0
2633;99;30.0
2634;100;30.0
2635;100;30.0
2636;100;30.0
2637;100;30.0
2638;100;30.0
2639;100;30.0
2640;100;30.0
2641;99;30.0
2642;99;30.0
2643;100;30.0
2644;99;30.0
2645;99;30.0
2646;100;30.0
2647;100;30.0
2648;100;30.0
2649;100;30.0
2650;100;30.0
2651;99;30.0
2652;99;30.0
2653;99;30.0
2654;99;30.0
2655;99;30.0
2656;99;30.0
2657;99;30.0
2658;99;30.0
2659;99;30.0
2660;99;30.0
2661;99;30.0
2662;98;30.0
2663;98;30.0
2664;98;30.0
2665;97;30.0
2666;97;30.0
2667;97;30.0
2668;96;30.0
2669;97;30.0
2670;97;30.0
2671;97;30.0
2672;97;30.0
2673;97;30.0
2674;97;30.0
2675;98;30.0
2676;98;30.0
2677;98;30.0
2678;98;30.0
2679;97;30.0
2680;98;30.0
2681;97;30.0
2682;97;30.0
2683;96;30.0
2684;96;30.0
2685;96;30.0
2686;95;30.0
2687;95;30.0
2688;96;30.0
2689;96;30.0
2690;96;30.0
2691;96;30.0
2692;97;30.0
2693;97;30.0
2694;97;30.0
2695;97;30.0
2696;97;30.0
2697;96;30.0
2698;96;30.0
2699;97;30.0
2700;97;30.0
2701;97;30.0
2702;98;30.0
2703;99;30.0
2704;98;30.0
2705;99;30.0
2706;100;30.0
2707;99;30.0
2708;98;30.0
2709;98;30.0
2710;97;30.0
2711;97;30.0
2712;96;30.0
2713;96;30.0
2714;95;30.0
2715;95;30.0
2716;95;30.0
2717;95;30.0
2718;95;30.0
2719;95;30.0
2720;95;30.0
2721;95;30.0
2722;95;30.0
2723;94;30.0
2724;94;30.0
2725;94;30.0
2726;94;30.0
2727;94;30.0
2728;94;30.0
2729;94;30.0
2730;94;30.0
2731;94;30.0
2732;94;30.0
2733;94;30.0
2734;95;30.0
2735;95;30.0
2736;95;30.0
2737;94;30.0
2738;95;30.0
2739;95;30.0
2740;95;30.0
2741;95;30.0
2742;95;30.0
2743;94;30.0
2744;93;30.0
2745;93;30.0
2746;92;30.0
2747;91;30.0
2748;92;30.0
2749;92;30.0
2750;92;30.0
2751;92;30.0
2752;92;30.0
2753;93;30.0
2754;93;30.0
2755;95;30.0
2756;95;30.0
2757;95;30.0
2758;95;30.0
2759;96;30.0
2760;96;30.0
2761;95;30.0
2762;95;30.0
2763;94;30.0
2764;94;30.0
2765;94;30.0
2766;94;30.0
2767;94;30.1
2768;94;30.0
2769;93;30.0
2770;92;30.0
2771;92;30.0
2772;93;30.0
2773;93;30.0
2774;91;30.0
2775;91;30.1
2776;91;30.0
2777;90;30.0
2778;91;30.0
2779;91;30.1
2780;90;30.1
2781;89;30.0
2782;91;30.0
2783;91;30.1
2784;89;30.0
2785;89;30.0
2786;90;30.0
2787;89;30.0
2788;89;30.0
2789;89;30.0
2790;87;30.1
2791;86;30.0
2792;87;30.0
2793;87;30.0
2794;86;30.0
2795;86;30.0
2796;87;30.0
2797;87;30.1
2798;88;30.1
2799;88;30.0
2800;88;30.0
2801;88;30.0
2802;89;30.0
2803;90;30.0
2804;89;30.0
2805;89;30.0
2806;89;30.0
2807;89;30.1
2808;89;30.0
2809;90;30.1
2810;90;30.0
2811;89;30.0
2812;89;30.0
2813;90;30.1
2814;89;30.0
2815;88;30.0
2816;88;30.0
2817;87;30.0
2818;88;30.0
2819;88;30.0
2820;89;30.0
2821;89;30.1
2822;90;30.0
2823;91;30.1
2824;91;30.1
2825;91;30.1
2826;91;30.1
2827;91;30.1
2828;90;30.1
2829;90;30.1
2830;89;30.1
2831;89;30.1
2832;89;30.1
2833;88;30.1
2834;88;30.1
2835;88;30.1
2836;87;30.1
2837;88;30.1
2838;88;30.1
2839;88;30.1
2840;89;30.1
2841;89;30.1
2842;89;30.1
2843;90;30.1
2844;90;30.1
2845;90;30.1
2846;90;30.1
2847;90;30.1
2848;90;30.1
2849;91;30.1
2850;91;30.1
2851;91;30.1
2852;91;30.1
2853;91;30.1
2854;91;30.1
2855;91;30.1
2856;91;30.1
2857;90;30.1
2858;89;30.1
2859;90;30.1
2860;90;30.1
2861;90;30.1
2862;91;30.1
2863;91;30.1
2864;91;30.1
2865;91;30.1
2866;92;30.1
2867;92;30.1
2868;93;30.1
2869;94;30.1
2870;94;30.1
2871;94;30.1
2872;95;30.1
2873;95;30.1
2874;96;30.1
2875;96;30.1
2876;95;30.1
2877;95;30.1
2878;95;30.1
2879;94;30.1
2880;94;30.1
2881;94;30.1
2882;94;30.1
2883;93;30.1
2884;94;30.1
2885;94;30.1
2886;94;30.1
2887;94;30.1
2888;94;30.1
2889;95;30.1
2890;95;30.1
2891;95;30.1
2892;95;30.1
2893;94;30.1
2894;94;30.1
2895;94;30.1
2896;93;30.1
2897;93;30.1
2898;92;30.1
2899;92;30.1
2900;92;30.1
2901;92;30.1
2902;92;30.1
2903;92;30.1
2904;93;30.1
2905;93;30.1
2906;94;30.1
2907;94;30.1
2908;93;30.1
2909;93;30.1
2910;93;30.1
2911;93;30.1
2912;92;30.1
2913;91;30.1
2914;90;30.1
2915;90;30.1
2916;90;30.1
2917;90;30.1
2918;90;30.1
2919;90;30.1
2920;90;30.1
2921;91;30.1
2922;91;30.1
2923;91;30.1
2924;91;30.1
2925;92;30.1
2926;92;30.1
2927;93;30.1
2928;94;30.1
2929;94;30.1
2930;95;30.1
2931;95;30.1
2932;95;30.1
2933;95;30.1
2934;95;30.1
2935;94;30.1
2936;93;30.1
2937;92;30.1
2938;92;30.1
2939;91;30.1
2940;90;30.1
2941;90;30.1
2942;91;30.1
2943;91;30.1
2944;91;30.1
2945;91;30.1
2946;92;30.1
2947;92;30.1
2948;93;30.1
2949;93;30.1
2950;93;30.1
2951;93;30.1
2952;93;30.1
2953;92;30.1
2954;93;30.1
2955;93;30.1
2956;93;30.1
2957;92;30.1
2958;91;30.1
2959;91;30.1
2960;90;30.1
2961;90;30.1
2962;88;30.1
2963;87;30.1
2964;86;30.1
2965;85;30.1
2966;85;30.1
2967;84;30.1
2968;85;30.1
2969;85;30.1
2970;85;30.1
2971;86;30.1
2972;87;30.1
2973;88;30.1
2974;89;30.1
2975;89;30.1
2976;90;30.1
2977;91;30.1
2978;91;30.1
2979;93;30.1
2980;93;30.1
2981;93;30.1
2982;94;30.1
2983;95;30.1
2984;95;30.1
2985;97;30.1
2986;97;30.1
2987;98;30.1
2988;98;30.1
2989;98;30.1
2990;97;30.1
2991;97;30.1
2992;96;30.1
2993;95;30.1
2994;94;30.1
2995;92;30.1
2996;91;30.1
2997;91;30.1
2998;90;30.1
2999;90;30.1
3000;90;30.1
3001;90;30.1
3002;89;30.1
3003;89;30.1
3004;89;30.1
3005;89;30.1
3006;90;30.1
3007;89;30.1
3008;88;30.1
3009;89;30.1
3010;89;30.1
3011;89;30.1
3012;88;30.1
3013;88;30.1
3014;87;30.1
3015;88;30.1
3016;88;30.1
3017;88;30.1
3018;89;30.1
3019;89;30.1
3020;89;30.1
3021;90;30.1
3022;90;30.1
3023;90;30.1
3024;91;30.1
3025;91;30.1
3026;91;30.1
3027;91;30.1
3028;91;30.1
3029;90;30.1
3030;91;30.1
3031;91;30.1
3032;91;30.1
3033;91;30.1
3034;91;30.1
3035;91;30.1
3036;91;30.1
3037;91;30.1
3038;91;30.1
3039;91;30.1
3040;92;30.1
3041;92;30.1
3042;93;30.1
3043;93;30.1
3044;95;30.1
3045;96;30.1
3046;98;30.1
3047;98;30.1
3048;98;30.1
3049;98;30.1
3050;98;30.1
3051;100;30.1
3052;100;30.1
3053;99;30.1
3054;98;30.1
3055;97;30.1
3056;97;30.1
3057;97;30.1
3058;97;30.1
3059;97;30.1
3060;96;30.1
3061;95;30.1
3062;96;30.1
3063;96;30.1
3064;95;30.1
3065;95;30.1
3066;95;30.1
3067;95;30.1
3068;94;30.1
3069;93;30.1
3070;93;30.1
3071;93;30.1
3072;93;30.1
3073;93;30.1
3074;93;30.1
3075;93;30.1
3076;93;30.1
3077;93;30.1
3078;93;30.1
3079;92;30.1
3080;92;30.1
3081;92;30.1
3082;92;30.1
3083;92;30.1
3084;92;30.1
3085;92;30.1
3086;92;30.1
3087;92;30.1
3088;93;30.1
3089;93;30.1
3090;93;30.1
3091;93;30.1
3092;93;30.1
3093;94;30.1
3094;94;30.1
3095;94;30.1
3096;94;30.1
3097;94;30.1
3098;94;30.1
3099;93;30.1
3100;92;30.1
3101;92;30.1
3102;92;30.1
3103;92;30.1
3104;93;30.1
3105;92;30.1
3106;92;30.1
3107;93;30.1
3108;92;30.1
3109;91;30.1
3110;91;30.1
3111;90;30.1
3112;90;30.1
3113;90;30.1
3114;89;30.1
3115;88;30.1
3116;88;30.1
3117;88;30.1
3118;87;30.1
3119;87;30.1
3120;87;30.1
3121;87;30.1
3122;88;30.1
3123;88;30.1
3124;88;30.1
3125;88;30.1
3126;89;30.1
3127;89;30.1
3128;89;30.1
3129;88;30.1
3130;88;30.1
3131;88;30.1
3132;88;30.1
3133;88;30.1
3134;89;30.1
3135;89;30.1
3136;89;30.1
3137;90;30.1
3138;90;30.1
3139;91;30.1
3140;91;30.1
3141;91;30.1
3142;91;30.1
3143;91;30.1
3144;92;30.1
3145;91;30.1
3146;91;30.1
3147;91;30.1
3148;91;30.1
3149;91;30.1
3150;90;30.1
3151;90;30.1
3152;90;30.1
3153;91;30.1
3154;92;30.1
3155;92;30.1
3156;92;30.1
3157;93;30.1
3158;94;30.1
3159;94;30.1
3160;94;30.1
3161;94;30.1
3162;94;30.1
3163;94;30.1
3164;94;30.1
3165;94;30.1
3166;94;30.1
3167;94;30.1
3168;94;30.1
3169;95;30.1
3170;95;30.1
3171;96;30.1
3172;96;30.1
3173;96;30.1
3174;97;30.1
3175;97;30.2
3176;97;30.2
3177;98;30.2
3178;98;30.1
3179;98;30.1
3180;98;30.1
3181;98;30.1
3182;98;30.1
3183;97;30.1
3184;97;30.2
3185;97;30.1
3186;97;30.2
3187;97;30.2
3188;96;30.2
3189;97;30.2
3190;97;30.2
3191;97;30.2
3192;98;30.2
3193;97;30.2
3194;98;30.2
3195;98;30.2
3196;98;30.2
3197;97;30.2
3198;98;30.2
3199;97;30.2
3200;97;30.2
3201;97;30.2
3202;97;30.2
3203;98;30.2
3204;98;30.2
3205;98;30.2
3206;98;30.2
3207;98;30.2
3208;98;30.2
3209;97;30.2
3210;97;30.2
3211;98;30.2
3212;98;30.2
3213;98;30.2
3214;99;30.2
3215;99;30.2
3216;99;30.2
3217;99;30.2
3218;99;30.2
3219;99;30.2
3220;99;30.2
3221;99;30.2
3222;98;30.2
3223;99;30.2
3224;99;30.2
3225;100;30.2
3226;100;30.2
3227;99;30.2
3228;99;30.2
3229;99;30.2
3230;100;30.2
3231;99;30.2
3232;100;30.2
3233;100;30.2
3234;100;30.2
3235;100;30.2
3236;101;30.2
3237;101;30.2
3238;102;30.2
3239;102;30.2
3240;102;30.2
3241;99;30.2
3242;99;30.2
3243;98;30.2
3244;97;30.2
3245;96;30.2
3246;96;30.2
3247;95;30.2
3248;95;30.2
3249;96;30.2
3250;96;30.2
3251;97;30.2
3252;98;30.2
3253;98;30.2
3254;98;30.2
3255;99;30.2
3256;100;30.2
3257;99;30.2
3258;100;30.2
3259;99;30.3
3260;99;30.2
3261;98;30.2
3262;98;30.2
3263;98;30.2
3264;98;30.2
3265;98;30.2
3266;98;30.3
3267;98;30.3
3268;97;30.2
3269;98;30.3
3270;98;30.2
3271;96;30.2
3272;96;30.2
3273;96;30.2
3274;95;30.2
3275;95;30.2
3276;95;30.2
3277;94;30.2
3278;94;30.2
3279;94;30.3
3280;93;30.2
3281;93;30.2
3282;93;30.2
3283;93;30.2
3284;92;30.2
3285;92;30.3
3286;92;30.2
3287;92;30.2
3288;91;30.2
3289;91;30.2
3290;91;30.2
3291;90;30.2
3292;89;30.2
3293;89;30.2
3294;89;30.2
3295;88;30.2
3296;88;30.2
3297;86;30.2
3298;86;30.2
3299;85;30.2
3300;85;30.2
3301;85;30.2
3302;85;30.2
3303;84;30.2
3304;84;30.2
3305;84;30.2
3306;84;30.2
3307;83;30.2
3308;83;30.2
3309;83;30.2
3310;82;30.2
3311;82;30.3
3312;81;30.3
3313;81;30.2
3314;81;30.2
3315;80;30.3
3316;80;30.3
3317;80;30.3
3318;80;30.3
3319;80;30.2
3320;79;30.3
3321;78;30.3
3322;78;30.3
3323;78;30.3
3324;78;30.3
3325;77;30.3
3326;77;30.3
3327;76;30.3
3328;76;30.3
3329;76;30.3
3330;76;30.2
3331;76;30.2
3332;76;30.3
3333;75;30.3
3334;76;30.3
3335;76;30.3
3336;76;30.3
3337;76;30.3
3338;75;30.3
3339;75;30.2
3340;75;30.2
3341;75;30.2
3342;75;30.2
3343;75;30.3
3344;75;30.3
3345;75;30.3
3346;76;30.3
3347;76;30.2
3348;76;30.3
3349;76;30.3
3350;76;30.2
3351;76;30.3
3352;76;30.3
3353;76;30.2
3354;76;30.2
3355;77;30.3
3356;77;30.3
3357;77;30.2
3358;77;30.3
3359;77;30.3
3360;77;30.3
3361;77;30.3
3362;77;30.3
3363;77;30.3
3364;77;30.3
3365;77;30.3
3366;78;30.3
3367;78;30.3
3368;79;30.3
3369;71;30.3
3370;72;30.3
3371;72;30.3
3372;71;30.3
3373;71;30.3
3374;71;30.3
3375;69;30.3
3376;69;30.3
3377;76;30.3
3378;75;30.3
3379;75;30.3
3380;74;30.3
3381;74;30.3
3382;75;30.3
3383;75;30.3
3384;76;30.3
3385;76;30.2
3386;77;30.3
3387;77;30.3
3388;78;30.3
3389;78;30.3
3390;78;30.3
3391;78;30.3
3392;78;30.3
3393;78;30.3
3394;78;30.3
3395;78;30.3
3396;78;30.3
3397;78;30.3
3398;78;30.3
3399;78;30.3
3400;78;30.3
3401;79;30.3
3402;79;30.3
3403;79;30.3
3404;77;30.3
3405;77;30.3
3406;76;30.3
3407;75;30.3
3408;75;30.3
3409;74;30.3
3410;72;30.3
3411;72;30.3
3412;72;30.3
3413;71;30.3
3414;72;30.3
3415;71;30.3
3416;71;30.3
3417;71;30.3
3418;73;30.3
3419;74;30.3
3420;74;30.3
3421;74;30.3
3422;74;30.3
3423;74;30.3
3424;75;30.3
3425;74;30.3
3426;73;30.3
3427;72;30.3
3428;74;30.3
3429;74;30.3
3430;74;30.3
3431;75;30.3
3432;75;30.3
3433;77;30.4
3434;77;30.3
3435;77;30.3
3436;77;30.3
3437;77;30.3
3438;77;30.4
3439;78;30.3
3440;78;30.3
3441;77;30.3
3442;77;30.3
3443;77;30.3
3444;77;30.4
3445;77;30.4
3446;77;30.4
3447;77;30.4
3448;77;30.4
3449;77;30.4
3450;77;30.4
3451;77;30.4
3452;77;30.3
3453;77;30.4
3454;77;30.3
3455;77;30.4
3456;77;30.3
3457;77;30.4
3458;77;30.4
3459;77;30.4
3460;78;30.3
3461;78;30.4
3462;78;30.4
3463;78;30.4
3464;77;30.4
3465;76;30.4
3466;76;30.4
3467;75;30.4
3468;74;30.4
3469;73;30.4
3470;72;30.4
3471;70;30.4
3472;70;30.4
3473;69;30.4
3474;70;30.4
3475;70;30.4
3476;69;30.4
3477;70;30.4
3478;70;30.4
3479;71;30.4
3480;70;30.4
3481;70;30.4
3482;69;30.4
3483;68;30.4
3484;68;30.4
3485;68;30.4
3486;67;30.4
3487;68;30.4
3488;69;30.4
3489;68;30.4
3490;69;30.4
3491;70;30.4
3492;69;30.4
3493;69;30.4
3494;70;30.4
3495;70;30.4
3496;68;30.4
3497;68;30.3
3498;69;30.4
3499;68;30.4
3500;67;30.4
3501;68;30.4
3502;67;30.4
3503;67;30.4
3504;68;30.4
3505;68;30.4
3506;68;30.4
3507;68;30.4
3508;68;30.4
3509;68;30.4
3510;68;30.4
3511;69;30.4
3512;70;30.4
3513;69;30.4
3514;70;30.4
3515;71;30.4
3516;71;30.4
3517;71;30.4
3518;71;30.4
3519;70;30.4
3520;70;30.4
3521;70;30.4
3522;70;30.4
3523;69;30.4
3524;69;30.4
3525;68;30.4
3526;67;30.4
3527;67;30.4
3528;66;30.4
3529;66;30.4
3530;66;30.4
3531;66;30.4
3532;66;30.4
3533;67;30.4
3534;67;30.4
3535;68;30.4
3536;68;30.4
3537;68;30.4
3538;68;30.4
3539;69;30.4
3540;70;30.4
3541;71;30.4
3542;62;30.4
3543;58;30.4
3544;58;30.4
3545;59;30.4
3546;58;30.4
3547;56;30.4
3548;54;30.4
3549;56;30.4
3550;63;30.4
3551;64;30.4
3552;64;30.4
3553;63;30.4
3554;62;30.4
3555;59;30.4
3556;60;30.4
3557;60;30.4
3558;60;30.4
3559;62;30.4
3560;62;30.4
3561;62;30.4
3562;63;30.4
3563;67;30.4
3564;66;30.4
3565;67;30.4
3566;67;30.4
3567;68;30.4
3568;68;30.4
3569;69;30.4
3570;67;30.4
3571;66;30.4
3572;67;30.4
3573;66;30.4
3574;66;30.4
3575;65;30.4
3576;64;30.4
3577;63;30.4
3578;61;30.4
3579;60;30.4
3580;60;30.4
3581;60;30.4
3582;60;30.4
3583;60;30.4
3584;61;30.4
3585;61;30.4
3586;64;30.4
3587;64;30.4
3588;63;30.4
3589;63;30.4
3590;62;30.4
3591;64;30.4
3592;64;30.4
3593;65;30.4
3594;65;30.4
3595;66;30.4
3596;67;30.4
3597;67;30.4
3598;68;30.4
3599;67;30.4
3600;66;30.4
3601;66;30.4
3602;66;30.4
3603;66;30.4
3604;67;30.4
3605;67;30.4
3606;68;30.4
3607;69;30.4
3608;69;30.4
3609;69;30.4
3610;70;30.4
3611;70;30.4
3612;70;30.4
3613;71;30.4
3614;71;30.4
3615;71;30.4
3616;72;30.4
3617;72;30.4
3618;72;30.4
3619;72;30.4
3620;72;30.4
3621;72;30.4
3622;71;30.4
3623;71;30.4
3624;71;30.4
3625;71;30.4
3626;71;30.4
3627;71;30.4
3628;72;30.4
3629;73;30.4
3630;74;30.4
3631;75;30.4
3632;75;30.4
3633;76;30.4
3634;77;30.4
3635;78;30.4
3636;79;30.4
3637;78;30.4
3638;78;30.4
3639;79;30.4
3640;80;30.4
3641;79;30.4
3642;78;30.4
3643;78;30.4
3644;78;30.4
3645;79;30.4
3646;79;30.4
3647;79;30.4
3648;78;30.4
3649;78;30.4
3650;79;30.4
3651;79;30.4
3652;79;30.4
3653;79;30.4
3654;79;30.4
3655;79;30.4
3656;80;30.4
3657;79;30.4
3658;80;30.4
3659;80;30.4
3660;80;30.4
3661;80;30.4
3662;80;30.4
3663;79;30.4
3664;79;30.4
3665;80;30.4
3666;80;30.4
3667;80;30.4
3668;79;30.4
3669;80;30.4
3670;79;30.4
3671;80;30.4
3672;78;30.4
3673;78;30.4
3674;77;30.4
3675;76;30.4
3676;75;30.4
3677;74;30.4
3678;73;30.4
3679;72;30.4
3680;72;30.4
3681;70;30.4
3682;70;30.4
3683;71;30.4
3684;72;30.4
3685;72;30.4
3686;73;30.4
3687;74;30.4
3688;75;30.4
3689;76;30.4
3690;77;30.4
3691;78;30.4
3692;78;30.4
3693;78;30.4
3694;77;30.4
3695;78;30.4
3696;78;30.4
3697;77;30.4
3698;77;30.4
3699;77;30.4
3700;78;30.4
3701;78;30.4
3702;81;30.4
3703;80;30.4
3704;81;30.4
3705;82;30.4
3706;82;30.4
3707;82;30.4
3708;81;30.4
3709;80;30.4
3710;78;30.4
3711;79;30.4
3712;77;30.4
3713;76;30.4
3714;76;30.4
3715;75;30.4
3716;75;30.4
3717;75;30.4
3718;74;30.4
3719;74;30.4
3720;75;30.4
3721;75;30.4
3722;75;30.4
3723;75;30.4
3724;75;30.4
3725;75;30.4
3726;75;30.4
3727;75;30.4
3728;74;30.4
3729;75;30.4
3730;75;30.4
3731;75;30.4
3732;75;30.4
3733;75;30.4
3734;75;30.4
3735;75;30.4
3736;76;30.4
3737;76;30.4
3738;76;30.4
3739;75;30.4
3740;75;30.4
3741;75;30.4
3742;76;30.4
3743;75;30.4
3744;74;30.4
3745;74;30.4
3746;74;30.4
3747;75;30.4
3748;75;30.4
3749;75;30.4
3750;74;30.4
3751;75;30.4
3752;74;30.4
3753;75;30.4
3754;75;30.4
3755;74;30.4
3756;74;30.4
3757;74;30.4
3758;73;30.4
3759;73;30.4
3760;73;30.4
3761;72;30.4
3762;72;30.4
3763;73;30.4
3764;73;30.4
3765;74;30.4
3766;74;30.4
3767;75;30.4
3768;75;30.4
3769;75;30.4
3770;74;30.4
3771;74;30.4
3772;73;30.4
3773;73;30.4
3774;73;30.4
3775;72;30.4
3776;72;30.4
3777;72;30.4
3778;71;30.4
3779;72;30.4
3780;73;30.4
3781;73;30.5
3782;73;30.5
3783;73;30.4
3784;73;30.4
3785;73;30.4
3786;73;30.4
3787;73;30.5
3788;72;30.5
3789;72;30.4
3790;72;30.4
3791;73;30.5
3792;73;30.4
3793;73;30.4
3794;73;30.4
3795;73;30.4
3796;73;30.4
3797;73;30.4
3798;73;30.5
3799;72;30.4
3800;72;30.4
3801;72;30.4
3802;71;30.4
3803;71;30.4
3804;72;30.4
3805;72;30.4
3806;72;30.4
3807;73;30.4
3808;73;30.4
3809;74;30.4
3810;75;30.4
3811;75;30.4
3812;76;30.4
3813;76;30.4
3814;76;30.4
3815;76;30.4
3816;75;30.4
3817;74;30.4
3818;73;30.4
3819;73;30.4
3820;72;30.4
3821;71;30.4
3822;72;30.4
3823;72;30.4
3824;72;30.4
3825;73;30.4
3826;74;30.4
3827;74;30.4
3828;74;30.4
3829;75;30.4
3830;75;30.4
3831;75;30.4
3832;74;30.4
3833;74;30.4
3834;75;30.4
3835;75;30.4
3836;75;30.4
3837;76;30.4
3838;75;30.4
3839;75;30.4
3840;75;30.4
3841;75;30.4
3842;74;30.4
3843;73;30.4
3844;72;30.4
3845;72;30.4
3846;73;30.4
3847;74;30.4
3848;74;30.4
3849;74;30.4
3850;74;30.4
3851;75;30.4
3852;75;30.4
3853;74;30.4
3854;74;30.4
3855;74;30.4
3856;73;30.4
3857;73;30.4
3858;73;30.4
3859;72;30.4
3860;73;30.4
3861;73;30.4
3862;74;30.4
3863;74;30.4
3864;74;30.4
3865;75;30.4
3866;75;30.4
3867;76;30.4
3868;76;30.4
3869;76;30.4
3870;76;30.4
3871;76;30.4
3872;77;30.4
3873;78;30.4
3874;78;30.4
3875;77;30.4
3876;77;30.4
3877;76;30.4
3878;77;30.4
3879;76;30.4
3880;76;30.4
3881;75;30.4
3882;75;30.4
3883;76;30.4
3884;76;30.4
3885;76;30.4
3886;77;30.4
3887;78;30.4
3888;78;30.4
3889;78;30.4
3890;78;30.4
3891;77;30.4
3892;77;30.4
3893;77;30.4
3894;76;30.4
3895;76;30.4
3896;75;30.4
3897;74;30.4
3898;74;30.4
3899;75;30.4
3900;74;30.4
3901;74;30.4
3902;73;30.4
3903;72;30.4
3904;72;30.4
3905;72;30.4
3906;72;30.5
3907;71;30.4
3908;70;30.4
3909;70;30.4
3910;70;30.4
3911;70;30.4
3912;69;30.4
3913;69;30.4
3914;69;30.4
3915;69;30.4
3916;68;30.4
3917;68;30.4
3918;68;30.4
3919;68;30.4
3920;67;30.4
3921;67;30.4
3922;67;30.4
3923;67;30.4
3924;61;30.4
3925;62;30.4
3926;62;30.4
3927;63;30.4
3928;65;30.4
3929;66;30.4
3930;66;30.4
3931;65;30.4
3932;71;30.4
3933;70;30.4
3934;70;30.4
3935;69;30.4
3936;67;30.4
3937;67;30.4
3938;67;30.4
3939;66;30.4
3940;65;30.4
3941;65;30.4
3942;64;30.4
3943;64;30.4
3944;64;30.4
3945;63;30.4
3946;63;30.4
3947;64;30.4
3948;65;30.4
3949;65;30.4
3950;65;30.4
3951;66;30.4
3952;65;30.4
3953;66;30.4
3954;66;30.4
3955;66;30.4
3956;66;30.4
3957;66;30.4
3958;66;30.4
3959;65;30.4
3960;64;30.4
3961;64;30.4
3962;63;30.4
3963;62;30.4
3964;62;30.4
3965;61;30.4
3966;60;30.4
3967;61;30.4
3968;62;30.4
3969;62;30.4
3970;61;30.4
3971;61;30.4
3972;60;30.4
3973;60;30.4
3974;59;30.4
3975;59;30.4
3976;58;30.5
3977;58;30.5
3978;58;30.5
3979;57;30.4
3980;57;30.5
3981;56;30.5
3982;56;30.5
3983;56;30.5
3984;56;30.5
3985;56;30.5
3986;56;30.5
3987;56;30.5
3988;56;30.5
3989;56;30.5
3990;56;30.5
3991;56;30.5
3992;56;30.5
3993;55;30.5
3994;55;30.5
3995;55;30.5
3996;56;30.5
3997;57;30.5
3998;57;30.5
3999;57;30.5
4000;57;30.5
4001;57;30.5
4002;56;30.5
4003;57;30.5
4004;56;30.5
4005;55;30.5
4006;56;30.5
4007;56;30.5
4008;56;30.5
4009;56;30.5
4010;56;30.5
4011;57;30.5
4012;58;30.5
4013;60;30.5
4014;60;30.5
4015;62;30.5
4016;62;30.5
4017;64;30.5
4018;65;30.5
4019;66;30.5
4020;67;30.5
4021;68;30.5
4022;67;30.5
4023;67;30.5
4024;67;30.5
4025;67;30.5
4026;68;30.5
4027;67;30.5
4028;69;30.5
4029;69;30.5
4030;71;30.5
4031;70;30.5
4032;72;30.5
4033;73;30.4
4034;71;30.5
4035;72;30.5
4036;71;30.5
4037;72;30.5
4038;71;30.5
4039;69;30.5
4040;68;30.5
4041;70;30.5
4042;72;30.5
4043;59;30.6
4044;57;30.6
4045;49;30.6
4046;50;30.6
4047;50;30.6
4048;47;30.6
4049;36;30.6
4050;36;30.6
4051;31;30.6
4052;31;30.7
4053;32;30.7
4054;22;30.8
4055;26;30.8
4056;26;30.8
4057;26;30.8
4058;26;30.8
4059;21;30.8
4060;21;30.8
4061;21;30.8
4062;23;30.8
4063;24;30.8
4064;24;30.8
4065;24;30.8
4066;22;30.8
4067;31;30.8
4068;35;30.8
4069;38;30.8
4070;45;30.9
4071;50;30.9
4072;50;30.9
4073;40;30.9
4074;58;31.0
4075;57;31.0
4076;54;31.0
4077;38;31.1
4078;27;31.1
4079;27;31.1
4080;25;31.1
4081;32;31.1
4082;25;31.1
4083;25;31.2
4084;22;31.2
4085;24;31.2
4086;24;31.2
4087;24;31.2
4088;26;31.2
4089;17;31.2
4090;0;31.2
4091;0;31.3
4092;24;31.3
4093;33;31.3
4094;33;31.3
4095;33;31.3
4096;33;31.3
4097;33;31.4
4098;42;31.4
4099;45;31.5
4100;61;31.5
4101;74;31.5
4102;70;31.5
4103;73;31.5
4104;76;31.6
4105;92;31.6
4106;92;31.6
4107;100;31.7
4108;103;31.7
4109;86;31.7
4110;93;31.8
4111;81;31.8
4112;81;31.8
4113;83;31.8
4114;83;31.8
4115;69;31.9
4116;63;31.9
4117;67;31.9
4118;67;32.0
4119;76;32.0
4120;66;32.0
4121;38;32.0
4122;32;32.1
4123;33;32.1
4124;29;32.1
4125;28;32.1
4126;28;32.1
4127;28;32.1
4128;26;32.1
4129;35;32.1
4130;34;32.1
4131;31;32.0
4132;32;32.0
4133;38;32.0
4134;40;32.0
4135;41;32.0
4136;51;32.0
4137;53;32.0
4138;55;32.0
4139;54;32.0
4140;58;32.0
4141;58;32.0
4142;58;31.9
4143;59;31.9
4144;60;31.9
4145;60;31.9
4146;60;31.9
4147;66;31.9
4148;67;31.8
4149;58;31.9
4150;58;31.9
4151;58;31.9
4152;61;31.8
4153;66;31.8
4154;68;31.8
4155;68;31.9
4156;70;31.8
4157;84;31.9
4158;84;31.8
4159;92;31.9
4160;91;31.8
4161;90;31.8
4162;89;31.8
4163;89;31.8
4164;88;31.9
4165;87;31.8
4166;87;31.9
4167;89;31.9
4168;90;31.9
4169;74;31.9
4170;73;31.9
4171;64;31.9
4172;62;31.9
4173;70;31.9
4174;67;31.9
4175;60;31.9
4176;60;31.9
4177;76;31.9
4178;0;31.9
4179;0;31.9
4180;37;31.9
4181;37;31.9
4182;36;31.8
4183;36;31.9
4184;33;31.8
4185;33;31.8
4186;33;31.8
4187;28;31.8
4188;26;31.8
4189;26;31.8
4190;24;31.8
4191;25;31.8
4192;24;31.8
4193;26;31.7
4194;26;31.8
4195;30;31.7
4196;33;31.7
4197;34;31.7
4198;35;31.7
4199;38;31.7
4200;38;31.6
4201;40;31.6
4202;42;31.6
4203;45;31.6
4204;46;31.6
4205;47;31.6
4206;50;31.6
4207;51;31.6
4208;52;31.6
4209;56;31.5
4210;56;31.5
4211;58;31.5
4212;57;31.5
4213;57;31.5
4214;58;31.5
4215;57;31.5
4216;56;31.5
4217;55;31.5
4218;54;31.5
4219;56;31.5
4220;58;31.5
4221;58;31.5
4222;59;31.5
4223;61;31.5
4224;63;31.5
4225;65;31.5
4226;66;31.5
4227;63;31.5
4228;61;31.5
4229;62;31.5
4230;61;31.5
4231;61;31.5
4232;60;31.5
4233;58;31.5
4234;58;31.5
4235;58;31.5
4236;58;31.5
4237;56;31.5
4238;54;31.5
4239;54;31.4
4240;51;31.4
4241;51;31.4
4242;51;31.5
4243;50;31.4
4244;50;31.4
4245;52;31.4
4246;54;31.4
4247;54;31.5
4248;56;31.4
4249;57;31.4
4250;56;31.4
4251;58;31.4
4252;56;31.4
4253;54;31.4
4254;53;31.4
4255;51;31.4
4256;51;31.4
4257;49;31.4
4258;49;31.4
4259;49;31.4
4260;45;31.4
4261;43;31.4
4262;42;31.4
4263;43;31.4
4264;45;31.4
4265;46;31.4
4266;47;31.4
4267;49;31.4
4268;56;31.4
4269;60;31.4
4270;64;31.4
4271;69;31.4
4272;69;31.4
4273;70;31.4
4274;72;31.4
4275;71;31.4
4276;71;31.4
4277;70;31.4
4278;68;31.4
4279;61;31.4
4280;63;31.4
4281;63;31.3
4282;63;31.3
4283;63;31.4
4284;61;31.4
4285;60;31.4
4286;68;31.4
4287;71;31.3
4288;63;31.3
4289;68;31.3
4290;68;31.3
4291;69;31.3
4292;67;31.3
4293;68;31.3
4294;67;31.3
4295;63;31.2
4296;75;31.2
4297;77;31.2
4298;78;31.2
4299;74;31.1
4300;80;31.1
4301;76;31.1
4302;68;31.1
4303;81;31.1
4304;74;31.1
4305;72;31.1
4306;71;31.0
4307;68;31.0
4308;73;31.0
4309;80;31.0
4310;83;31.0
4311;90;31.0
4312;94;30.9
4313;89;30.9
4314;97;30.9
4315;113;30.9
4316;112;31.0
4317;106;30.9
4318;114;31.0
4319;108;30.9
4320;119;31.0
4321;119;31.0
4322;114;31.0
4323;112;31.0
4324;116;31.0
4325;125;31.0
4326;127;31.0
4327;124;31.0
4328;123;31.0
4329;124;31.0
4330;129;31.0
4331;126;31.0
4332;123;31.1
4333;115;31.1
4334;105;31.1
4335;97;31.1
4336;87;31.1
4337;78;31.1
4338;69;31.1
4339;67;31.1
4340;60;31.1
4341;58;31.1
4342;57;31.1
4343;55;31.1
4344;55;31.1
4345;55;31.1
4346;56;31.1
4347;56;31.1
4348;56;31.1
4349;55;31.1
4350;57;31.1
4351;59;31.1
4352;59;31.1
4353;61;31.1
4354;61;31.1
4355;61;31.1
4356;62;31.1
4357;64;31.1
4358;64;31.1
4359;66;31.1
4360;66;31.1
4361;68;31.1
4362;71;31.1
4363;72;31.1
4364;69;31.1
4365;70;31.1
4366;72;31.2
4367;71;31.2
4368;72;31.2
4369;72;31.3
4370;71;31.3
4371;70;31.3
4372;75;31.3
4373;74;31.3
4374;72;31.3
4375;71;31.3
4376;69;31.3
4377;65;31.3
4378;63;31.3
4379;62;31.3
4380;62;31.3
4381;60;31.4
4382;59;31.3
4383;58;31.4
4384;61;31.4
4385;61;31.4
4386;60;31.4
4387;62;31.4
4388;62;31.4
4389;62;31.4
4390;65;31.4
4391;68;31.4
4392;67;31.4
4393;66;31.4
4394;65;31.5
4395;65;31.5
4396;66;31.5
4397;69;31.5
4398;68;31.5
4399;68;31.5
4400;71;31.5
4401;76;31.5
4402;76;31.5
4403;78;31.5
4404;79;31.5
4405;78;31.5
4406;79;31.5
4407;79;31.5
4408;78;31.6
4409;74;31.6
4410;76;31.6
4411;76;31.6
4412;76;31.6
4413;75;31.6
4414;75;31.6
4415;76;31.6
4416;76;31.7
4417;81;31.7
4418;81;31.7
4419;81;31.7
4420;82;31.8
4421;82;31.7
4422;85;31.8
4423;87;31.8
4424;89;31.8
4425;89;31.8
4426;89;31.8
4427;90;31.8
4428;91;31.8
4429;92;31.8
4430;93;31.8
4431;93;31.8
4432;94;31.8
4433;94;31.9
4434;95;31.9
4435;96;31.9
4436;97;31.9
4437;96;31.9
4438;94;31.9
4439;94;31.9
4440;91;31.9
4441;91;31.9
4442;84;31.9
4443;84;31.9
4444;80;31.9
4445;80;31.9
4446;77;31.9
4447;77;31.9
4448;73;31.9
4449;73;32.0
4450;76;31.9
4451;74;31.9
4452;72;31.9
4453;72;31.9
4454;69;31.9
4455;67;31.9
4456;65;31.9
4457;63;31.9
4458;62;31.9
4459;60;31.9
4460;59;31.8
4461;59;31.8
4462;60;31.8
4463;60;31.8
4464;60;31.8
4465;60;31.8
4466;61;31.8
4467;63;31.8
4468;62;31.8
4469;61;31.8
4470;61;31.8
4471;63;31.8
4472;63;31.8
4473;62;31.8
4474;62;31.8
4475;63;31.8
4476;63;31.8
4477;0;31.8
4478;0;31.8
4479;0;31.8
4480;0;31.8
4481;43;31.8
4482;43;31.8
4483;50;31.8
4484;60;31.8
4485;62;31.8
4486;67;31.8
4487;68;31.8
4488;69;31.8
4489;88;31.8
4490;86;31.8
4491;86;31.8
4492;83;31.8
4493;83;31.8
4494;81;31.8
4495;81;31.8
4496;81;31.8
4497;82;31.8
4498;81;31.8
4499;81;31.8
4500;82;31.8
4501;82;31.8
4502;81;31.8
4503;81;31.8
4504;77;31.8
4505;77;31.8
4506;73;31.8
4507;73;31.8
4508;65;31.8
4509;65;31.8
4510;56;31.8
4511;56;31.8
4512;54;31.8
4513;54;31.8
4514;53;31.8
4515;52;31.8
4516;53;31.8
4517;53;31.8
4518;55;31.8
4519;53;31.8
4520;50;31.8
4521;49;31.8
4522;47;31.8
4523;47;31.8
4524;47;31.8
4525;45;31.8
4526;45;31.8
4527;46;31.8
4528;46;31.8
4529;48;31.8
4530;48;31.8
4531;57;31.8
4532;57;31.8
4533;61;31.9
4534;61;32.0
4535;0;32.0
4536;0;32.0
4537;141;32.0
4538;141;32.1
4539;97;32.1
4540;97;32.2
4541;66;32.2
4542;66;32.2
4543;71;32.2
4544;71;32.3
4545;55;32.3
4546;55;32.4
4547;66;32.4
4548;72;32.4
4549;72;32.5
4550;99;32.5
4551;52;32.5
4552;58;32.5
4553;49;32.5
4554;47;32.5
4555;29;32.5
4556;29;32.5
4557;26;32.5
4558;30;32.6
4559;30;32.6
4560;23;32.6
4561;23;32.6
4562;26;32.6
4563;26;32.6
4564;31;32.6
4565;31;32.6
4566;31;32.7
4567;31;32.7
4568;31;32.6
4569;31;32.6
4570;27;32.6
4571;27;32.7
4572;36;32.6
4573;36;32.7
4574;57;32.7
4575;57;32.6
4576;52;32.7
4577;52;32.6
4578;52;32.7
4579;69;32.7
4580;67;32.7
4581;73;32.7
4582;84;32.7
4583;83;32.7
4584;77;32.7
4585;87;32.7
4586;90;32.7
4587;106;32.7
4588;103;32.7
4589;122;32.7
4590;122;32.7
4591;94;32.7
4592;94;32.7
4593;107;32.7
4594;107;32.7
4595;97;32.7
4596;97;32.7
4597;65;32.7
4598;65;32.7
4599;89;32.7
4600;89;32.7
4601;61;32.7
4602;61;32.6
4603;64;32.6
4604;64;32.5
4605;78;32.5
4606;78;32.5
4607;63;32.5
4608;63;32.5
4609;68;32.4
4610;68;32.4
4611;67;32.4
4612;60;32.3
4613;55;32.3
4614;50;32.2
4615;50;32.2
4616;55;32.2
4617;59;32.2
4618;55;32.2
4619;55;32.1
4620;53;32.1
4621;53;32.1
4622;51;32.1
4623;51;32.0
4624;48;32.0
4625;48;32.0
4626;48;32.0
4627;48;32.0
4628;50;32.0
4629;50;32.0
4630;50;32.0
4631;50;32.0
4632;54;32.0
4633;54;32.0
4634;45;32.0
4635;45;32.0
4636;36;32.0
4637;36;32.0
4638;35;32.0
4639;35;32.0
4640;49;32.0
4641;49;32.0
4642;59;32.0
4643;60;32.0
4644;72;32.0
4645;73;32.0
4646;73;32.0
4647;87;32.0
4648;85;32.0
4649;75;32.0
4650;75;32.0
4651;73;32.0
4652;73;32.0
4653;71;32.0
4654;71;32.0
4655;69;32.0
4656;69;32.0
4657;67;32.0
4658;67;32.0
4659;65;32.0
4660;65;32.0
4661;61;32.0
4662;61;32.0
4663;59;32.0
4664;59;32.0
4665;56;32.0
4666;56;31.9
4667;55;31.9
4668;55;31.9
4669;54;31.9
4670;54;31.9
4671;54;31.9
4672;54;31.9
4673;49;31.9
4674;49;31.9
4675;50;31.9
4676;50;31.8
4677;50;31.8
4678;49;31.8
4679;49;31.8
4680;51;31.8
4681;51;31.8
4682;50;31.8
4683;50;31.8
4684;49;31.8
4685;49;31.8
4686;48;31.8
4687;48;31.8
4688;50;31.8
4689;50;31.8
4690;51;31.8
4691;51;31.8
4692;53;31.8
4693;53;31.8
4694;48;31.8
4695;48;31.8
4696;49;31.7
4697;49;31.8
4698;49;31.8
4699;49;31.8
4700;49;31.8
4701;49;31.8
4702;55;31.8
4703;55;31.7
4704;57;31.8
4705;57;31.7
4706;59;31.7
4707;60;31.8
4708;59;31.7
4709;58;31.7
4710;58;31.7
4711;57;31.7
4712;57;31.7
4713;52;31.8
4714;52;31.7
4715;49;31.8
4716;49;31.7
4717;51;31.8
4718;51;31.8
4719;48;31.8
4720;48;31.8
4721;46;31.8
4722;46;31.8
4723;45;31.8
4724;45;31.8
4725;45;31.8
4726;45;31.8
4727;47;31.8
4728;47;31.8
4729;51;31.8
4730;51;31.8
4731;57;31.8
4732;57;31.8
4733;58;31.8
4734;57;31.8
4735;59;31.7
4736;56;31.7
4737;57;31.7
4738;58;31.7
4739;58;31.7
4740;54;31.7
4741;54;31.8
4742;51;31.7
4743;51;31.7
4744;53;31.7
4745;53;31.7
4746;49;31.7
4747;49;31.7
4748;47;31.7
4749;47;31.7
4750;36;31.7
4751;36;31.7
4752;37;31.7
4753;37;31.7
4754;40;31.7
4755;40;31.7
4756;43;31.7
4757;43;31.7
4758;51;31.7
4759;51;31.7
4760;53;31.7
4761;53;31.7
4762;53;31.7
4763;53;31.8
4764;47;31.7
4765;47;31.7
4766;46;31.7
4767;46;31.7
4768;43;31.7
4769;44;31.7
4770;44;31.7
4771;46;31.7
4772;46;31.7
4773;52;31.7
4774;52;31.7
4775;52;31.7
4776;52;31.7
4777;51;31.7
4778;51;31.7
4779;50;31.7
4780;50;31.7
4781;49;31.7
4782;49;31.7
4783;46;31.7
4784;46;31.7
4785;48;31.7
4786;48;31.7
4787;45;31.7
4788;45;31.7
4789;47;31.7
4790;47;31.7
4791;45;31.7
4792;45;31.7
4793;45;31.7
4794;45;31.7
4795;48;31.7
4796;46;31.7
4797;46;31.7
4798;38;31.7
4799;39;31.7
4800;39;31.7
4801;38;31.7
4802;38;31.7
4803;38;31.7
4804;39;31.7
4805;39;31.7
4806;43;31.7
4807;43;31.7
4808;46;31.7
4809;46;31.7
4810;48;31.7
4811;48;31.7
4812;48;31.7
4813;48;31.7
4814;53;31.7
4815;53;31.7
4816;53;31.7
4817;53;31.7
4818;49;31.7
4819;49;31.7
4820;45;31.7
4821;45;31.7
4822;48;31.7
4823;48;31.7
4824;49;31.7
4825;53;31.7
4826;59;31.7
4827;60;31.7
4828;64;31.7
4829;64;31.7
4830;62;31.7
4831;62;31.7
4832;63;31.7
4833;62;31.7
4834;62;31.7
4835;61;31.7
4836;61;31.7
4837;59;31.7
4838;59;31.7
4839;61;31.7
4840;61;31.7
4841;62;31.7
4842;62;31.7
4843;62;31.7
4844;62;31.7
4845;65;31.7
4846;65;31.7
4847;65;31.7
4848;65;31.7
4849;66;31.7
4850;66;31.7
4851;66;31.7
4852;66;31.7
4853;64;31.7
4854;64;31.7
4855;61;31.7
4856;61;31.7
4857;59;31.7
4858;59;31.7
4859;59;31.7
4860;58;31.7
4861;58;31.7
4862;56;31.7
4863;60;31.8
4864;60;31.7
4865;60;31.7
4866;60;31.8
4867;60;31.8
4868;59;31.8
4869;59;31.8
4870;61;31.8
4871;61;31.8
4872;59;31.8
4873;59;31.7
4874;61;31.8
4875;61;31.8
4876;61;31.8
4877;61;31.8
4878;60;31.8
4879;60;31.8
4880;60;31.8
4881;60;31.8
4882;61;31.8
4883;61;31.8
4884;58;31.8
4885;58;31.8
4886;60;31.8
4887;58;31.8
4888;59;31.8
4889;57;31.8
4890;57;31.8
4891;57;31.8
4892;60;31.8
4893;58;31.8
4894;59;31.8
4895;57;31.8
4896;57;31.8
4897;58;31.8
4898;58;31.8
4899;58;31.8
4900;58;31.8
4901;57;31.8
4902;57;31.8
4903;59;31.8
4904;59;31.8
4905;58;31.8
4906;58;31.8
4907;56;31.8
4908;56;31.8
4909;58;31.8
4910;58;31.8
4911;55;31.8
4912;55;31.8
4913;55;31.8
4914;55;31.8
4915;58;31.8
4916;57;31.8
4917;57;31.8
4918;56;31.8
4919;58;31.8
4920;58;31.8
4921;58;31.8
4922;58;31.8
4923;56;31.8
4924;57;31.8
4925;57;31.8
4926;57;31.8
4927;57;31.8
4928;57;31.8
4929;57;31.8
4930;56;31.8
4931;56;31.8
4932;56;31.8
4933;56;31.8
4934;58;31.8
4935;58;31.8
4936;57;31.8
4937;57;31.8
4938;57;31.8
4939;57;31.8
4940;58;31.8
4941;58;31.8
4942;55;31.8
4943;55;31.8
4944;55;31.8
4945;55;31.8
4946;55;31.8
4947;54;31.8
4948;54;31.8
4949;54;31.8
4950;55;31.8
4951;53;31.8
4952;52;31.8
4953;52;31.8
4954;52;31.8
4955;52;31.8
4956;52;31.8
4957;52;31.8
4958;52;31.8
4959;54;31.8
4960;55;31.8
4961;54;31.8
4962;54;31.8
4963;54;31.8
4964;54;31.8
4965;54;31.8
4966;54;31.8
4967;54;31.8
4968;54;31.8
4969;54;31.8
4970;54;31.8
4971;53;31.8
4972;53;31.8
4973;50;31.8
4974;49;31.8
4975;50;31.8
4976;50;31.8
4977;49;31.8
4978;50;31.8
4979;49;31.8
4980;50;31.8
4981;53;31.8
4982;53;31.8
4983;52;31.8
4984;52;31.8
4985;51;31.8
4986;49;31.8
4987;49;31.8
4988;48;31.8
4989;47;31.8
4990;48;31.8
4991;48;31.8
4992;48;31.8
4993;42;31.8
4994;42;31.8
4995;42;31.8
4996;41;31.8
4997;41;31.8
4998;42;31.8
4999;42;31.8
5000;39;31.8
5001;39;31.8
5002;44;31.8
5003;45;31.8
5004;45;31.8
5005;44;31.8
5006;45;31.8
5007;46;31.8
5008;48;31.8
5009;47;31.8
5010;48;31.8
5011;48;31.8
5012;48;31.8
5013;46;31.8
5014;47;31.8
5015;47;31.8
5016;47;31.8
5017;49;31.8
5018;48;31.8
5019;48;31.8
5020;48;31.8
5021;46;31.8
5022;45;31.8
5023;45;31.8
5024;46;31.8
5025;46;31.8
5026;46;31.8
5027;46;31.8
5028;46;31.8
5029;50;31.8
5030;50;31.8
5031;49;31.8
5032;49;31.8
5033;50;31.8
5034;50;31.8
5035;50;31.8
5036;48;31.8
5037;49;31.8
5038;49;31.8
5039;48;31.8
5040;47;31.8
5041;47;31.8
5042;48;31.8
5043;48;31.8
5044;49;31.8
5045;49;31.8
5046;49;31.8
5047;51;31.8
5048;51;31.8
5049;49;31.8
5050;49;31.8
5051;49;31.8
5052;49;31.8
5053;49;31.8
5054;49;31.8
5055;45;31.8
5056;47;31.8
5057;49;31.8
5058;48;31.8
5059;48;31.8
5060;48;31.8
5061;48;31.8
5062;50;31.8
5063;53;31.8
5064;52;31.8
5065;50;31.8
5066;50;31.8
5067;50;31.8
5068;49;31.8
5069;49;31.8
5070;48;31.8
5071;48;31.8
5072;47;31.8
5073;48;31.8
5074;49;31.8
5075;49;31.8
5076;50;31.8
5077;50;31.8
5078;51;31.8
5079;51;31.8
5080;52;31.8
5081;52;31.8
5082;51;31.8
5083;51;31.8
5084;51;31.8
5085;50;31.8
5086;49;31.8
5087;49;31.8
5088;49;31.8
5089;47;31.8
5090;47;31.8
5091;49;31.8
5092;49;31.8
5093;48;31.8
5094;48;31.8
5095;48;31.8
5096;48;31.8
5097;50;31.8
5098;49;31.8
5099;46;31.8
5100;47;31.8
5101;48;31.8
5102;48;31.8
5103;48;31.8
5104;48;31.8
5105;48;31.8
5106;48;31.8
5107;0;0.0
