"Source File";"240424C\Trend1.trd";"Date";"04/24/24";"Output";"D:\RespirationData\240424C.txt";"Start";"15:54:12";"Stop";"17:37:06"
"Saba_20241023"
"Time";"Resp Rate";"Temp 1"
"Seconds";"Resp/m";"°C"
1;22;29.6
2;22;29.6
3;23;29.6
4;23;29.6
5;23;29.7
6;23;29.7
7;32;29.7
8;32;29.7
9;0;29.7
10;0;29.7
11;0;29.7
12;0;29.7
13;0;29.7
14;0;29.7
15;0;29.8
16;0;29.8
17;0;29.8
18;0;29.8
19;0;29.9
20;0;29.9
21;0;29.9
22;0;29.9
23;0;29.9
24;0;29.9
25;0;29.9
26;0;29.9
27;0;29.9
28;0;29.9
29;0;29.9
30;0;29.9
31;0;29.9
32;0;29.9
33;0;29.9
34;0;29.9
35;0;29.9
36;0;29.9
37;0;29.9
38;0;29.9
39;0;29.9
40;26;30.0
41;26;29.9
42;38;30.0
43;38;30.0
44;45;30.0
45;45;30.0
46;51;30.0
47;51;30.0
48;68;30.0
49;68;30.0
50;68;30.0
51;68;30.0
52;66;30.0
53;66;30.0
54;66;30.0
55;66;29.9
56;67;29.9
57;67;29.9
58;68;30.0
59;68;29.9
60;70;29.9
61;71;29.9
62;72;29.9
63;73;29.9
64;73;29.9
65;73;29.9
66;73;29.9
67;73;29.9
68;73;29.9
69;73;29.9
70;73;29.9
71;53;29.9
72;53;29.8
73;54;29.8
74;54;29.8
75;59;29.8
76;59;29.8
77;62;29.8
78;62;29.8
79;80;29.8
80;80;29.8
81;80;29.7
82;80;29.7
83;82;29.7
84;83;29.7
85;83;29.6
86;83;29.6
87;84;29.6
88;84;29.6
89;85;29.6
90;86;29.6
91;85;29.6
92;86;29.6
93;86;29.6
94;87;29.6
95;88;29.6
96;90;29.6
97;91;29.6
98;92;29.6
99;92;29.6
100;93;29.6
101;93;29.6
102;95;29.6
103;95;29.5
104;95;29.5
105;95;29.5
106;98;29.5
107;98;29.5
108;100;29.5
109;100;29.5
110;102;29.5
111;102;29.5
112;105;29.5
113;105;29.5
114;104;29.4
115;104;29.4
116;104;29.4
117;104;29.4
118;105;29.4
119;105;29.4
120;106;29.4
121;106;29.4
122;108;29.4
123;79;29.4
124;81;29.4
125;83;29.4
126;78;29.4
127;72;29.4
128;54;29.4
129;51;29.4
130;51;29.4
131;58;29.4
132;58;29.4
133;38;29.4
134;38;29.4
135;54;29.4
136;54;29.4
137;83;29.4
138;83;29.4
139;92;29.4
140;92;29.4
141;121;29.4
142;121;29.4
143;121;29.4
144;122;29.4
145;122;29.4
146;121;29.3
147;121;29.4
148;121;29.4
149;122;29.3
150;122;29.4
151;122;29.3
152;121;29.3
153;120;29.3
154;120;29.3
155;120;29.3
156;120;29.3
157;119;29.3
158;118;29.3
159;118;29.3
160;117;29.3
161;118;29.3
162;119;29.3
163;119;29.3
164;116;29.3
165;116;29.3
166;115;29.3
167;115;29.3
168;114;29.2
169;112;29.3
170;110;29.2
171;110;29.3
172;109;29.3
173;108;29.2
174;108;29.2
175;107;29.2
176;108;29.2
177;102;29.2
178;102;29.2
179;102;29.2
180;102;29.2
181;102;29.2
182;103;29.2
183;103;29.2
184;102;29.2
185;108;29.2
186;107;29.2
187;107;29.2
188;108;29.2
189;107;29.2
190;106;29.2
191;106;29.2
192;107;29.2
193;107;29.2
194;107;29.2
195;107;29.2
196;107;29.2
197;106;29.2
198;106;29.2
199;106;29.2
200;105;29.2
201;105;29.2
202;104;29.2
203;104;29.2
204;105;29.2
205;105;29.2
206;105;29.2
207;104;29.2
208;104;29.2
209;104;29.2
210;103;29.2
211;103;29.2
212;102;29.2
213;101;29.2
214;100;29.2
215;99;29.2
216;99;29.2
217;99;29.2
218;99;29.2
219;99;29.2
220;99;29.2
221;98;29.2
222;99;29.2
223;99;29.2
224;100;29.2
225;99;29.2
226;99;29.2
227;99;29.2
228;99;29.2
229;99;29.2
230;98;29.2
231;98;29.2
232;98;29.1
233;98;29.2
234;98;29.2
235;98;29.2
236;98;29.2
237;98;29.2
238;98;29.2
239;99;29.1
240;97;29.1
241;98;29.1
242;97;29.1
243;97;29.1
244;96;29.1
245;96;29.1
246;95;29.1
247;95;29.1
248;95;29.1
249;94;29.1
250;94;29.1
251;94;29.1
252;94;29.1
253;94;29.1
254;94;29.1
255;95;29.1
256;95;29.1
257;95;29.1
258;95;29.1
259;95;29.1
260;94;29.1
261;94;29.1
262;93;29.1
263;92;29.1
264;92;29.1
265;91;29.1
266;91;29.1
267;91;29.1
268;91;29.1
269;91;29.1
270;91;29.1
271;92;29.1
272;92;29.1
273;92;29.1
274;92;29.1
275;92;29.1
276;92;29.1
277;92;29.1
278;92;29.1
279;92;29.1
280;92;29.1
281;92;29.1
282;91;29.1
283;91;29.1
284;90;29.1
285;90;29.1
286;89;29.1
287;89;29.1
288;89;29.1
289;88;29.2
290;88;29.2
291;88;29.1
292;88;29.2
293;88;29.1
294;87;29.2
295;88;29.2
296;88;29.1
297;88;29.2
298;88;29.1
299;88;29.2
300;88;29.2
301;88;29.2
302;88;29.2
303;87;29.1
304;87;29.1
305;87;29.1
306;87;29.1
307;86;29.2
308;86;29.2
309;86;29.2
310;86;29.2
311;86;29.2
312;86;29.2
313;85;29.2
314;86;29.2
315;85;29.2
316;85;29.1
317;85;29.2
318;84;29.2
319;84;29.2
320;85;29.2
321;85;29.2
322;85;29.2
323;86;29.2
324;86;29.2
325;87;29.2
326;87;29.2
327;87;29.2
328;88;29.2
329;87;29.2
330;88;29.2
331;87;29.2
332;87;29.2
333;87;29.2
334;87;29.2
335;87;29.2
336;86;29.2
337;86;29.2
338;87;29.2
339;87;29.2
340;87;29.2
341;87;29.2
342;86;29.2
343;86;29.2
344;86;29.2
345;85;29.2
346;85;29.2
347;84;29.2
348;83;29.2
349;83;29.2
350;82;29.2
351;82;29.2
352;82;29.2
353;82;29.2
354;82;29.2
355;83;29.2
356;83;29.2
357;83;29.2
358;83;29.2
359;84;29.2
360;84;29.2
361;84;29.2
362;83;29.2
363;83;29.2
364;83;29.2
365;83;29.2
366;83;29.2
367;83;29.2
368;84;29.2
369;84;29.2
370;84;29.2
371;85;29.2
372;85;29.2
373;85;29.2
374;85;29.2
375;85;29.2
376;84;29.2
377;84;29.2
378;84;29.2
379;84;29.2
380;84;29.2
381;85;29.2
382;84;29.2
383;84;29.2
384;84;29.2
385;84;29.2
386;83;29.2
387;83;29.2
388;82;29.2
389;83;29.2
390;83;29.2
391;82;29.2
392;82;29.2
393;83;29.2
394;83;29.2
395;83;29.2
396;83;29.2
397;82;29.2
398;82;29.2
399;82;29.3
400;82;29.2
401;83;29.3
402;83;29.2
403;83;29.3
404;83;29.3
405;84;29.2
406;84;29.3
407;84;29.3
408;84;29.3
409;83;29.3
410;83;29.3
411;84;29.3
412;84;29.3
413;84;29.3
414;83;29.3
415;83;29.3
416;83;29.3
417;83;29.3
418;82;29.3
419;81;29.3
420;80;29.4
421;80;29.3
422;80;29.4
423;80;29.4
424;80;29.4
425;79;29.4
426;80;29.4
427;80;29.4
428;81;29.4
429;82;29.4
430;81;29.4
431;81;29.4
432;81;29.4
433;81;29.4
434;81;29.4
435;81;29.4
436;81;29.4
437;81;29.4
438;82;29.4
439;82;29.4
440;83;29.4
441;83;29.4
442;83;29.4
443;83;29.4
444;84;29.4
445;84;29.4
446;83;29.4
447;83;29.4
448;83;29.4
449;83;29.4
450;83;29.4
451;84;29.4
452;83;29.4
453;83;29.4
454;83;29.4
455;83;29.4
456;83;29.4
457;82;29.4
458;81;29.4
459;81;29.4
460;81;29.5
461;81;29.5
462;80;29.5
463;80;29.5
464;81;29.5
465;81;29.5
466;81;29.5
467;82;29.5
468;82;29.5
469;82;29.5
470;82;29.5
471;82;29.5
472;82;29.5
473;83;29.5
474;82;29.5
475;82;29.5
476;82;29.6
477;82;29.6
478;82;29.6
479;82;29.6
480;82;29.6
481;82;29.6
482;82;29.6
483;82;29.6
484;82;29.6
485;82;29.6
486;82;29.6
487;82;29.6
488;81;29.6
489;82;29.6
490;82;29.6
491;83;29.6
492;83;29.6
493;83;29.6
494;83;29.6
495;84;29.6
496;84;29.6
497;84;29.6
498;84;29.6
499;83;29.6
500;83;29.6
501;83;29.6
502;83;29.6
503;82;29.6
504;82;29.6
505;82;29.6
506;82;29.6
507;82;29.6
508;83;29.6
509;83;29.6
510;82;29.6
511;83;29.6
512;83;29.6
513;83;29.6
514;83;29.6
515;83;29.6
516;83;29.6
517;83;29.6
518;83;29.6
519;83;29.6
520;84;29.7
521;84;29.6
522;84;29.7
523;85;29.7
524;85;29.7
525;77;29.7
526;78;29.7
527;79;29.7
528;79;29.7
529;79;29.7
530;78;29.7
531;79;29.7
532;80;29.7
533;86;29.7
534;85;29.8
535;84;29.8
536;84;29.8
537;84;29.8
538;84;29.8
539;83;29.8
540;83;29.8
541;83;29.8
542;83;29.8
543;83;29.8
544;82;29.8
545;82;29.8
546;81;29.8
547;81;29.8
548;81;29.8
549;81;29.8
550;81;29.8
551;82;29.8
552;82;29.8
553;82;29.8
554;82;29.8
555;83;29.8
556;83;29.8
557;83;29.8
558;84;29.8
559;84;29.9
560;85;29.9
561;85;29.9
562;86;29.9
563;87;29.9
564;87;29.9
565;87;29.9
566;88;29.9
567;88;29.9
568;88;29.9
569;87;29.9
570;87;29.9
571;87;29.9
572;87;29.9
573;87;29.9
574;86;29.9
575;86;29.9
576;87;29.9
577;87;29.9
578;87;29.9
579;87;29.9
580;87;29.9
581;87;29.9
582;87;29.9
583;87;29.9
584;87;29.9
585;87;29.9
586;87;30.0
587;87;29.9
588;88;30.0
589;89;30.0
590;90;30.0
591;90;30.0
592;90;30.0
593;90;30.0
594;90;30.0
595;91;30.0
596;91;30.0
597;91;30.0
598;90;30.0
599;90;30.0
600;90;30.0
601;90;30.0
602;90;30.0
603;90;30.0
604;90;30.0
605;89;30.0
606;89;30.0
607;89;30.0
608;89;30.0
609;88;30.0
610;88;30.0
611;88;30.0
612;88;30.1
613;88;30.0
614;89;30.0
615;90;30.1
616;90;30.1
617;91;30.1
618;92;30.1
619;93;30.1
620;93;30.1
621;94;30.1
622;94;30.1
623;95;30.1
624;95;30.1
625;95;30.1
626;95;30.1
627;95;30.1
628;95;30.1
629;95;30.1
630;95;30.1
631;95;30.1
632;94;30.1
633;93;30.1
634;93;30.1
635;93;30.1
636;92;30.1
637;92;30.1
638;91;30.1
639;91;30.1
640;91;30.1
641;91;30.1
642;91;30.1
643;91;30.1
644;90;30.1
645;90;30.1
646;90;30.1
647;89;30.1
648;89;30.1
649;89;30.2
650;88;30.2
651;88;30.2
652;88;30.2
653;88;30.2
654;88;30.2
655;88;30.2
656;89;30.2
657;89;30.2
658;90;30.2
659;90;30.2
660;90;30.2
661;90;30.2
662;90;30.2
663;91;30.2
664;91;30.2
665;91;30.2
666;91;30.2
667;91;30.2
668;90;30.2
669;91;30.2
670;91;30.3
671;91;30.3
672;91;30.3
673;91;30.3
674;91;30.3
675;91;30.3
676;91;30.3
677;90;30.3
678;91;30.3
679;91;30.3
680;91;30.3
681;91;30.3
682;91;30.3
683;91;30.4
684;92;30.3
685;93;30.3
686;92;30.3
687;92;30.4
688;92;30.4
689;93;30.4
690;93;30.4
691;94;30.4
692;94;30.4
693;93;30.4
694;93;30.4
695;93;30.4
696;93;30.4
697;93;30.4
698;93;30.4
699;93;30.4
700;92;30.4
701;93;30.4
702;92;30.4
703;92;30.4
704;92;30.4
705;92;30.4
706;92;30.4
707;92;30.4
708;93;30.4
709;93;30.4
710;94;30.4
711;94;30.4
712;94;30.4
713;94;30.4
714;95;30.4
715;94;30.4
716;95;30.4
717;95;30.4
718;94;30.4
719;95;30.4
720;95;30.4
721;95;30.4
722;94;30.4
723;94;30.5
724;93;30.4
725;93;30.4
726;93;30.5
727;93;30.5
728;93;30.5
729;93;30.5
730;93;30.5
731;94;30.5
732;94;30.5
733;94;30.5
734;94;30.5
735;94;30.5
736;95;30.5
737;94;30.5
738;95;30.6
739;94;30.5
740;94;30.5
741;94;30.5
742;94;30.6
743;93;30.6
744;93;30.6
745;92;30.6
746;92;30.6
747;92;30.6
748;92;30.6
749;92;30.6
750;92;30.6
751;92;30.6
752;92;30.6
753;91;30.6
754;92;30.6
755;92;30.6
756;92;30.6
757;92;30.6
758;92;30.6
759;91;30.6
760;92;30.6
761;93;30.6
762;93;30.6
763;93;30.6
764;92;30.6
765;92;30.6
766;93;30.6
767;92;30.6
768;92;30.6
769;91;30.6
770;91;30.6
771;91;30.6
772;91;30.6
773;91;30.6
774;91;30.6
775;92;30.6
776;92;30.6
777;92;30.6
778;92;30.6
779;92;30.6
780;92;30.6
781;92;30.6
782;92;30.6
783;92;30.6
784;93;30.6
785;92;30.6
786;92;30.6
787;93;30.7
788;92;30.6
789;92;30.6
790;92;30.7
791;92;30.7
792;91;30.7
793;91;30.6
794;91;30.7
795;91;30.7
796;91;30.7
797;91;30.7
798;91;30.7
799;91;30.7
800;91;30.7
801;91;30.7
802;91;30.7
803;91;30.7
804;91;30.7
805;91;30.7
806;91;30.7
807;91;30.7
808;91;30.7
809;61;30.7
810;61;30.7
811;60;30.8
812;60;30.7
813;60;30.8
814;62;30.8
815;66;30.8
816;67;30.8
817;89;30.8
818;88;30.8
819;89;30.8
820;89;30.8
821;90;30.8
822;89;30.8
823;90;30.8
824;91;30.8
825;91;30.8
826;91;30.8
827;91;30.8
828;91;30.8
829;91;30.8
830;92;30.8
831;92;30.8
832;92;30.8
833;92;30.8
834;93;30.8
835;92;30.8
836;92;30.8
837;93;30.8
838;93;30.8
839;92;30.8
840;92;30.8
841;92;30.8
842;92;30.8
843;92;30.8
844;92;30.8
845;92;30.8
846;92;30.8
847;92;30.8
848;93;30.8
849;93;30.8
850;92;30.8
851;92;30.8
852;92;30.8
853;92;30.8
854;92;30.8
855;92;30.8
856;92;30.8
857;92;30.8
858;92;30.8
859;93;30.8
860;93;30.8
861;94;30.8
862;94;30.8
863;95;30.8
864;95;30.8
865;95;30.8
866;96;30.8
867;96;30.8
868;96;30.8
869;96;30.8
870;96;30.9
871;96;30.8
872;95;30.8
873;95;30.8
874;95;30.8
875;94;30.9
876;94;30.9
877;94;30.9
878;94;30.9
879;93;30.9
880;93;30.9
881;93;30.9
882;93;30.9
883;93;30.9
884;92;30.9
885;92;30.9
886;92;30.9
887;93;30.9
888;93;30.9
889;92;30.9
890;92;30.9
891;92;30.9
892;93;30.9
893;93;30.9
894;93;30.9
895;93;30.9
896;93;30.9
897;93;30.9
898;94;30.9
899;94;30.9
900;93;30.9
901;94;30.9
902;94;30.9
903;94;30.9
904;94;31.0
905;94;31.0
906;94;30.9
907;95;30.9
908;95;31.0
909;94;31.0
910;94;31.0
911;94;31.0
912;94;31.0
913;94;31.0
914;94;31.0
915;94;31.0
916;94;31.0
917;94;31.0
918;94;31.0
919;94;31.0
920;94;31.0
921;93;31.0
922;94;31.0
923;93;31.0
924;94;31.0
925;93;31.0
926;93;31.0
927;93;31.0
928;65;31.0
929;66;31.0
930;64;31.0
931;66;31.0
932;64;31.0
933;66;31.0
934;70;31.0
935;72;31.0
936;96;31.0
937;95;31.0
938;95;31.0
939;95;31.0
940;95;31.0
941;94;31.0
942;94;31.0
943;94;31.0
944;94;31.1
945;94;31.0
946;94;31.0
947;94;31.1
948;94;31.0
949;94;31.0
950;94;31.1
951;94;31.1
952;94;31.1
953;94;31.1
954;94;31.1
955;94;31.1
956;94;31.1
957;94;31.1
958;94;31.1
959;94;31.1
960;94;31.1
961;95;31.1
962;94;31.1
963;95;31.1
964;95;31.1
965;95;31.1
966;96;31.1
967;96;31.1
968;96;31.1
969;96;31.1
970;96;31.1
971;96;31.1
972;96;31.1
973;96;31.1
974;95;31.1
975;94;31.1
976;94;31.1
977;94;31.1
978;94;31.1
979;94;31.1
980;93;31.1
981;93;31.1
982;93;31.1
983;94;31.1
984;94;31.1
985;94;31.1
986;94;31.1
987;95;31.1
988;95;31.1
989;95;31.1
990;95;31.1
991;95;31.1
992;96;31.1
993;96;31.1
994;96;31.1
995;96;31.1
996;96;31.1
997;96;31.1
998;96;31.1
999;96;31.1
1000;96;31.2
1001;96;31.1
1002;96;31.1
1003;96;31.1
1004;96;31.2
1005;95;31.1
1006;95;31.1
1007;95;31.1
1008;95;31.2
1009;95;31.1
1010;95;31.2
1011;95;31.2
1012;95;31.2
1013;95;31.2
1014;95;31.2
1015;96;31.2
1016;96;31.2
1017;96;31.2
1018;96;31.2
1019;96;31.2
1020;95;31.2
1021;96;31.2
1022;96;31.2
1023;95;31.2
1024;95;31.2
1025;96;31.2
1026;96;31.2
1027;96;31.2
1028;96;31.2
1029;95;31.2
1030;95;31.2
1031;95;31.2
1032;95;31.2
1033;95;31.2
1034;95;31.2
1035;95;31.2
1036;95;31.2
1037;95;31.2
1038;95;31.2
1039;96;31.2
1040;96;31.2
1041;96;31.2
1042;96;31.2
1043;96;31.2
1044;96;31.2
1045;97;31.2
1046;97;31.2
1047;97;31.2
1048;97;31.2
1049;97;31.2
1050;96;31.2
1051;96;31.3
1052;96;31.3
1053;96;31.3
1054;96;31.3
1055;96;31.3
1056;96;31.3
1057;96;31.3
1058;97;31.3
1059;96;31.3
1060;96;31.3
1061;96;31.3
1062;96;31.3
1063;96;31.3
1064;96;31.3
1065;96;31.3
1066;96;31.3
1067;96;31.3
1068;97;31.3
1069;97;31.3
1070;97;31.3
1071;97;31.3
1072;96;31.3
1073;96;31.3
1074;96;31.3
1075;96;31.3
1076;96;31.3
1077;96;31.3
1078;96;31.3
1079;96;31.3
1080;97;31.3
1081;97;31.3
1082;97;31.3
1083;97;31.3
1084;97;31.3
1085;97;31.3
1086;97;31.3
1087;97;31.3
1088;96;31.3
1089;96;31.3
1090;96;31.3
1091;96;31.3
1092;96;31.3
1093;95;31.3
1094;96;31.3
1095;96;31.3
1096;96;31.3
1097;96;31.3
1098;96;31.3
1099;96;31.3
1100;96;31.3
1101;96;31.3
1102;95;31.3
1103;95;31.3
1104;95;31.3
1105;95;31.3
1106;95;31.3
1107;95;31.3
1108;95;31.3
1109;95;31.3
1110;95;31.3
1111;95;31.3
1112;95;31.3
1113;94;31.3
1114;94;31.3
1115;93;31.3
1116;93;31.3
1117;92;31.3
1118;92;31.3
1119;93;31.3
1120;93;31.3
1121;93;31.3
1122;94;31.3
1123;94;31.3
1124;95;31.4
1125;95;31.4
1126;95;31.4
1127;95;31.4
1128;95;31.3
1129;95;31.4
1130;95;31.3
1131;95;31.4
1132;95;31.3
1133;94;31.4
1134;94;31.4
1135;94;31.4
1136;94;31.4
1137;94;31.4
1138;94;31.4
1139;94;31.4
1140;94;31.4
1141;95;31.4
1142;95;31.4
1143;95;31.4
1144;94;31.4
1145;95;31.4
1146;95;31.4
1147;95;31.4
1148;95;31.4
1149;95;31.4
1150;96;31.4
1151;96;31.4
1152;96;31.4
1153;96;31.4
1154;96;31.4
1155;96;31.4
1156;96;31.4
1157;96;31.4
1158;95;31.4
1159;96;31.4
1160;95;31.4
1161;95;31.4
1162;95;31.4
1163;95;31.4
1164;95;31.4
1165;95;31.4
1166;96;31.4
1167;95;31.5
1168;95;31.4
1169;95;31.4
1170;95;31.5
1171;96;31.5
1172;96;31.4
1173;96;31.5
1174;96;31.5
1175;96;31.5
1176;97;31.5
1177;97;31.5
1178;97;31.5
1179;97;31.5
1180;96;31.5
1181;96;31.5
1182;96;31.5
1183;96;31.5
1184;96;31.5
1185;96;31.5
1186;96;31.5
1187;96;31.5
1188;95;31.5
1189;95;31.5
1190;96;31.5
1191;96;31.5
1192;96;31.5
1193;95;31.5
1194;96;31.5
1195;96;31.5
1196;96;31.5
1197;96;31.5
1198;96;31.5
1199;96;31.5
1200;95;31.5
1201;95;31.5
1202;95;31.5
1203;95;31.5
1204;95;31.5
1205;95;31.5
1206;95;31.5
1207;95;31.5
1208;95;31.5
1209;95;31.5
1210;95;31.5
1211;95;31.5
1212;95;31.5
1213;95;31.5
1214;95;31.5
1215;95;31.5
1216;96;31.5
1217;96;31.5
1218;96;31.5
1219;96;31.5
1220;96;31.5
1221;96;31.5
1222;96;31.5
1223;96;31.5
1224;96;31.5
1225;96;31.5
1226;96;31.5
1227;96;31.5
1228;96;31.5
1229;96;31.5
1230;95;31.5
1231;96;31.5
1232;96;31.5
1233;96;31.5
1234;96;31.5
1235;96;31.5
1236;95;31.5
1237;95;31.5
1238;95;31.5
1239;95;31.5
1240;95;31.5
1241;95;31.5
1242;95;31.5
1243;95;31.5
1244;95;31.5
1245;95;31.5
1246;95;31.5
1247;95;31.6
1248;95;31.6
1249;95;31.6
1250;95;31.6
1251;95;31.6
1252;95;31.6
1253;96;31.6
1254;95;31.6
1255;95;31.6
1256;95;31.6
1257;96;31.6
1258;96;31.6
1259;96;31.6
1260;96;31.6
1261;96;31.6
1262;96;31.6
1263;96;31.6
1264;96;31.6
1265;96;31.6
1266;96;31.6
1267;95;31.6
1268;96;31.6
1269;96;31.6
1270;96;31.6
1271;96;31.6
1272;96;31.6
1273;96;31.6
1274;96;31.6
1275;96;31.6
1276;96;31.6
1277;95;31.6
1278;95;31.6
1279;95;31.6
1280;95;31.6
1281;95;31.6
1282;96;31.6
1283;95;31.6
1284;95;31.6
1285;96;31.6
1286;96;31.6
1287;96;31.6
1288;96;31.7
1289;96;31.7
1290;96;31.7
1291;96;31.7
1292;96;31.7
1293;96;31.7
1294;96;31.7
1295;96;31.7
1296;96;31.7
1297;96;31.7
1298;96;31.7
1299;96;31.7
1300;96;31.7
1301;96;31.7
1302;96;31.7
1303;96;31.7
1304;96;31.7
1305;96;31.7
1306;95;31.7
1307;95;31.7
1308;95;31.7
1309;95;31.7
1310;95;31.7
1311;95;31.7
1312;95;31.7
1313;95;31.7
1314;95;31.7
1315;96;31.7
1316;96;31.7
1317;95;31.7
1318;96;31.7
1319;96;31.7
1320;95;31.7
1321;95;31.7
1322;95;31.7
1323;95;31.7
1324;95;31.7
1325;96;31.8
1326;95;31.7
1327;96;31.8
1328;96;31.7
1329;96;31.8
1330;96;31.8
1331;95;31.8
1332;95;31.8
1333;95;31.8
1334;95;31.8
1335;95;31.8
1336;96;31.8
1337;96;31.8
1338;96;31.8
1339;96;31.8
1340;96;31.8
1341;96;31.8
1342;96;31.8
1343;96;31.8
1344;95;31.8
1345;95;31.8
1346;95;31.8
1347;95;31.8
1348;96;31.8
1349;95;31.8
1350;96;31.8
1351;95;31.8
1352;95;31.8
1353;96;31.8
1354;96;31.8
1355;95;31.8
1356;95;31.8
1357;95;31.8
1358;96;31.8
1359;95;31.8
1360;96;31.8
1361;95;31.8
1362;96;31.8
1363;96;31.8
1364;95;31.8
1365;96;31.8
1366;95;31.8
1367;95;31.8
1368;95;31.8
1369;95;31.8
1370;95;31.8
1371;95;31.8
1372;95;31.8
1373;95;31.8
1374;95;31.8
1375;95;31.8
1376;95;31.8
1377;95;31.8
1378;95;31.8
1379;95;31.8
1380;95;31.8
1381;95;31.8
1382;95;31.8
1383;95;31.8
1384;95;31.8
1385;95;31.8
1386;95;31.8
1387;95;31.8
1388;95;31.8
1389;95;31.8
1390;95;31.8
1391;95;31.8
1392;95;31.8
1393;95;31.8
1394;94;31.8
1395;94;31.8
1396;94;31.8
1397;94;31.8
1398;94;31.8
1399;94;31.8
1400;94;31.8
1401;94;31.8
1402;94;31.8
1403;93;31.8
1404;93;31.8
1405;93;31.8
1406;93;31.8
1407;92;31.8
1408;92;31.8
1409;92;31.8
1410;92;31.8
1411;92;31.8
1412;92;31.8
1413;92;31.8
1414;92;31.8
1415;92;31.9
1416;93;31.8
1417;93;31.9
1418;93;31.9
1419;93;31.9
1420;93;31.8
1421;93;31.9
1422;93;31.9
1423;92;31.9
1424;91;31.9
1425;91;31.9
1426;91;31.9
1427;91;31.9
1428;91;31.9
1429;91;31.9
1430;91;31.9
1431;91;31.9
1432;91;31.9
1433;91;31.9
1434;91;31.9
1435;91;31.9
1436;90;31.9
1437;90;31.9
1438;90;31.9
1439;90;31.9
1440;90;31.9
1441;89;31.9
1442;89;31.9
1443;89;31.9
1444;88;31.9
1445;88;31.9
1446;88;31.9
1447;88;31.9
1448;87;31.9
1449;87;31.9
1450;87;31.9
1451;87;31.9
1452;87;31.9
1453;87;31.9
1454;87;32.0
1455;87;31.9
1456;87;31.9
1457;87;31.9
1458;87;31.9
1459;86;32.0
1460;85;32.0
1461;85;31.9
1462;85;31.9
1463;84;32.0
1464;84;32.0
1465;84;32.0
1466;84;32.0
1467;84;32.0
1468;84;32.0
1469;84;32.0
1470;85;32.0
1471;85;32.0
1472;85;32.0
1473;84;32.0
1474;83;32.0
1475;83;32.0
1476;83;32.0
1477;83;32.0
1478;83;32.0
1479;83;32.0
1480;82;32.0
1481;83;32.0
1482;83;32.0
1483;84;32.0
1484;84;32.0
1485;84;32.0
1486;84;32.0
1487;84;32.0
1488;84;32.0
1489;84;32.0
1490;84;32.0
1491;83;32.0
1492;83;32.0
1493;83;32.0
1494;83;32.0
1495;83;32.0
1496;84;32.0
1497;83;32.0
1498;84;32.0
1499;84;32.0
1500;84;32.0
1501;84;32.0
1502;84;32.0
1503;85;32.0
1504;84;32.0
1505;84;32.0
1506;85;32.0
1507;85;32.0
1508;85;32.0
1509;85;32.0
1510;84;32.0
1511;84;32.0
1512;84;32.0
1513;84;32.0
1514;84;32.0
1515;83;32.0
1516;83;32.0
1517;83;32.0
1518;83;32.0
1519;83;32.0
1520;83;32.0
1521;83;32.0
1522;83;32.0
1523;83;32.0
1524;84;32.0
1525;83;32.0
1526;84;32.0
1527;84;32.0
1528;84;32.0
1529;84;32.0
1530;84;32.0
1531;84;32.0
1532;84;32.0
1533;84;32.0
1534;84;32.0
1535;84;32.0
1536;84;32.0
1537;83;32.0
1538;84;32.0
1539;84;32.0
1540;83;32.0
1541;84;32.0
1542;84;32.0
1543;84;32.0
1544;84;32.0
1545;84;32.0
1546;83;32.0
1547;84;32.0
1548;83;32.0
1549;83;32.0
1550;82;32.0
1551;82;32.0
1552;83;32.0
1553;83;32.0
1554;83;32.0
1555;83;32.0
1556;83;32.0
1557;83;32.0
1558;83;32.0
1559;83;32.0
1560;83;32.0
1561;83;32.1
1562;83;32.0
1563;83;32.0
1564;83;32.0
1565;83;32.1
1566;83;32.1
1567;83;32.0
1568;83;32.1
1569;83;32.1
1570;82;32.1
1571;82;32.1
1572;82;32.1
1573;82;32.1
1574;82;32.1
1575;82;32.1
1576;83;32.1
1577;83;32.1
1578;83;32.1
1579;83;32.1
1580;83;32.1
1581;83;32.1
1582;83;32.1
1583;76;32.1
1584;76;32.1
1585;76;32.1
1586;76;32.1
1587;77;32.1
1588;76;32.1
1589;77;32.1
1590;78;32.1
1591;84;32.1
1592;84;32.1
1593;85;32.1
1594;84;32.1
1595;85;32.1
1596;84;32.1
1597;84;32.1
1598;84;32.1
1599;84;32.2
1600;84;32.1
1601;84;32.1
1602;84;32.1
1603;84;32.1
1604;84;32.1
1605;84;32.1
1606;84;32.1
1607;84;32.1
1608;84;32.1
1609;84;32.1
1610;84;32.1
1611;84;32.2
1612;84;32.1
1613;84;32.2
1614;84;32.2
1615;84;32.2
1616;84;32.2
1617;85;32.2
1618;85;32.2
1619;85;32.2
1620;85;32.1
1621;85;32.2
1622;85;32.2
1623;85;32.2
1624;85;32.2
1625;85;32.2
1626;85;32.2
1627;85;32.2
1628;84;32.2
1629;85;32.2
1630;85;32.2
1631;84;32.2
1632;85;32.2
1633;85;32.2
1634;85;32.2
1635;86;32.2
1636;86;32.2
1637;86;32.2
1638;86;32.2
1639;86;32.2
1640;86;32.2
1641;87;32.2
1642;87;32.2
1643;87;32.2
1644;87;32.2
1645;86;32.2
1646;86;32.2
1647;86;32.2
1648;85;32.2
1649;85;32.2
1650;84;32.2
1651;84;32.2
1652;84;32.2
1653;83;32.2
1654;84;32.2
1655;84;32.2
1656;84;32.2
1657;84;32.2
1658;84;32.2
1659;85;32.2
1660;84;32.2
1661;85;32.2
1662;85;32.2
1663;85;32.2
1664;84;32.2
1665;84;32.2
1666;84;32.2
1667;84;32.2
1668;85;32.2
1669;85;32.2
1670;85;32.2
1671;85;32.2
1672;86;32.2
1673;86;32.2
1674;86;32.2
1675;86;32.2
1676;86;32.2
1677;86;32.2
1678;86;32.2
1679;86;32.2
1680;86;32.2
1681;87;32.2
1682;87;32.2
1683;86;32.2
1684;86;32.2
1685;87;32.2
1686;87;32.2
1687;87;32.2
1688;87;32.2
1689;87;32.2
1690;87;32.2
1691;87;32.2
1692;87;32.2
1693;87;32.2
1694;87;32.2
1695;86;32.2
1696;86;32.2
1697;86;32.2
1698;86;32.2
1699;86;32.2
1700;86;32.2
1701;86;32.2
1702;86;32.2
1703;86;32.2
1704;86;32.2
1705;86;32.2
1706;87;32.2
1707;87;32.2
1708;86;32.2
1709;86;32.2
1710;86;32.2
1711;86;32.2
1712;86;32.2
1713;86;32.2
1714;85;32.2
1715;85;32.2
1716;85;32.2
1717;85;32.2
1718;85;32.2
1719;85;32.2
1720;85;32.2
1721;85;32.2
1722;85;32.2
1723;85;32.2
1724;85;32.3
1725;85;32.2
1726;85;32.3
1727;85;32.2
1728;85;32.3
1729;85;32.3
1730;85;32.3
1731;85;32.3
1732;85;32.3
1733;85;32.3
1734;85;32.3
1735;85;32.3
1736;85;32.3
1737;85;32.3
1738;85;32.3
1739;85;32.3
1740;85;32.3
1741;85;32.3
1742;85;32.3
1743;86;32.3
1744;86;32.3
1745;86;32.3
1746;85;32.3
1747;85;32.3
1748;85;32.3
1749;85;32.3
1750;85;32.3
1751;85;32.3
1752;85;32.3
1753;85;32.3
1754;85;32.3
1755;85;32.3
1756;85;32.3
1757;85;32.3
1758;85;32.3
1759;85;32.3
1760;85;32.3
1761;85;32.3
1762;85;32.3
1763;85;32.3
1764;85;32.3
1765;84;32.3
1766;84;32.3
1767;84;32.3
1768;84;32.3
1769;84;32.3
1770;84;32.3
1771;84;32.3
1772;84;32.3
1773;84;32.3
1774;85;32.3
1775;85;32.4
1776;85;32.3
1777;85;32.3
1778;85;32.3
1779;85;32.4
1780;85;32.3
1781;85;32.3
1782;85;32.3
1783;85;32.3
1784;85;32.3
1785;86;32.4
1786;86;32.4
1787;86;32.3
1788;86;32.4
1789;86;32.4
1790;86;32.4
1791;86;32.4
1792;86;32.4
1793;86;32.4
1794;86;32.4
1795;86;32.4
1796;85;32.4
1797;86;32.4
1798;85;32.4
1799;85;32.4
1800;85;32.4
1801;85;32.4
1802;85;32.4
1803;85;32.4
1804;85;32.4
1805;85;32.4
1806;85;32.4
1807;85;32.4
1808;85;32.4
1809;85;32.4
1810;85;32.4
1811;84;32.4
1812;85;32.4
1813;84;32.4
1814;85;32.4
1815;85;32.4
1816;85;32.4
1817;85;32.4
1818;85;32.4
1819;85;32.4
1820;85;32.4
1821;86;32.4
1822;85;32.4
1823;86;32.4
1824;85;32.4
1825;86;32.4
1826;86;32.4
1827;86;32.4
1828;86;32.4
1829;86;32.4
1830;85;32.4
1831;86;32.4
1832;85;32.4
1833;85;32.4
1834;84;32.4
1835;84;32.4
1836;84;32.4
1837;84;32.4
1838;84;32.4
1839;84;32.4
1840;85;32.4
1841;85;32.4
1842;85;32.4
1843;86;32.5
1844;86;32.4
1845;86;32.4
1846;87;32.4
1847;86;32.4
1848;86;32.4
1849;86;32.4
1850;85;32.5
1851;85;32.5
1852;85;32.5
1853;84;32.5
1854;84;32.5
1855;84;32.5
1856;84;32.5
1857;84;32.5
1858;84;32.5
1859;83;32.5
1860;83;32.5
1861;83;32.5
1862;83;32.5
1863;83;32.5
1864;83;32.5
1865;83;32.5
1866;83;32.5
1867;83;32.5
1868;83;32.5
1869;83;32.5
1870;83;32.5
1871;83;32.5
1872;82;32.5
1873;83;32.5
1874;83;32.5
1875;83;32.5
1876;84;32.5
1877;84;32.5
1878;84;32.5
1879;84;32.5
1880;84;32.5
1881;84;32.5
1882;84;32.5
1883;83;32.5
1884;83;32.5
1885;83;32.5
1886;83;32.5
1887;83;32.5
1888;83;32.5
1889;83;32.5
1890;83;32.5
1891;82;32.5
1892;82;32.5
1893;82;32.5
1894;82;32.5
1895;82;32.5
1896;82;32.5
1897;82;32.5
1898;82;32.5
1899;83;32.5
1900;83;32.5
1901;82;32.5
1902;83;32.5
1903;83;32.5
1904;83;32.5
1905;83;32.5
1906;83;32.5
1907;83;32.5
1908;83;32.5
1909;84;32.5
1910;84;32.5
1911;84;32.5
1912;83;32.5
1913;83;32.5
1914;83;32.5
1915;83;32.5
1916;83;32.5
1917;83;32.5
1918;83;32.5
1919;83;32.5
1920;83;32.5
1921;83;32.5
1922;83;32.5
1923;83;32.5
1924;83;32.5
1925;84;32.5
1926;84;32.5
1927;84;32.5
1928;84;32.5
1929;84;32.5
1930;83;32.5
1931;83;32.5
1932;83;32.5
1933;83;32.5
1934;84;32.5
1935;83;32.5
1936;75;32.5
1937;75;32.5
1938;75;32.5
1939;75;32.5
1940;75;32.5
1941;75;32.5
1942;75;32.5
1943;76;32.5
1944;83;32.5
1945;82;32.5
1946;83;32.5
1947;83;32.5
1948;82;32.5
1949;83;32.5
1950;82;32.5
1951;83;32.5
1952;82;32.5
1953;83;32.5
1954;83;32.5
1955;83;32.5
1956;83;32.5
1957;83;32.5
1958;83;32.5
1959;83;32.5
1960;83;32.5
1961;83;32.5
1962;83;32.5
1963;83;32.5
1964;84;32.5
1965;84;32.5
1966;83;32.5
1967;83;32.5
1968;84;32.5
1969;84;32.5
1970;84;32.6
1971;84;32.5
1972;85;32.5
1973;84;32.5
1974;84;32.5
1975;85;32.6
1976;84;32.5
1977;85;32.6
1978;85;32.5
1979;84;32.6
1980;84;32.6
1981;84;32.6
1982;85;32.6
1983;85;32.6
1984;85;32.6
1985;84;32.6
1986;85;32.5
1987;85;32.6
1988;85;32.5
1989;85;32.6
1990;85;32.6
1991;85;32.6
1992;86;32.6
1993;86;32.6
1994;86;32.6
1995;86;32.6
1996;86;32.6
1997;86;32.6
1998;86;32.6
1999;86;32.6
2000;86;32.6
2001;86;32.6
2002;86;32.6
2003;86;32.6
2004;86;32.6
2005;86;32.6
2006;86;32.6
2007;86;32.6
2008;86;32.6
2009;86;32.6
2010;86;32.6
2011;86;32.6
2012;86;32.6
2013;86;32.6
2014;86;32.6
2015;87;32.6
2016;87;32.6
2017;87;32.6
2018;87;32.6
2019;87;32.6
2020;87;32.6
2021;88;32.6
2022;88;32.6
2023;87;32.6
2024;87;32.6
2025;88;32.6
2026;88;32.6
2027;88;32.6
2028;88;32.6
2029;88;32.6
2030;88;32.6
2031;89;32.6
2032;89;32.6
2033;89;32.6
2034;90;32.6
2035;90;32.6
2036;90;32.6
2037;91;32.6
2038;92;32.7
2039;93;32.7
2040;94;32.7
2041;95;32.7
2042;96;32.7
2043;97;32.7
2044;98;32.7
2045;99;32.7
2046;100;32.7
2047;100;32.7
2048;100;32.7
2049;101;32.7
2050;101;32.7
2051;102;32.7
2052;101;32.7
2053;101;32.7
2054;102;32.7
2055;102;32.7
2056;101;32.7
2057;101;32.7
2058;100;32.7
2059;100;32.7
2060;100;32.7
2061;99;32.7
2062;98;32.7
2063;98;32.7
2064;98;32.7
2065;98;32.7
2066;98;32.7
2067;98;32.7
2068;97;32.7
2069;97;32.7
2070;98;32.7
2071;97;32.7
2072;97;32.7
2073;97;32.7
2074;96;32.7
2075;97;32.7
2076;97;32.7
2077;97;32.7
2078;97;32.7
2079;97;32.7
2080;98;32.7
2081;98;32.7
2082;98;32.7
2083;98;32.7
2084;98;32.7
2085;98;32.7
2086;98;32.7
2087;98;32.7
2088;97;32.7
2089;97;32.7
2090;97;32.7
2091;97;32.7
2092;97;32.7
2093;97;32.7
2094;96;32.7
2095;97;32.7
2096;97;32.7
2097;97;32.7
2098;98;32.7
2099;98;32.7
2100;98;32.7
2101;98;32.7
2102;99;32.7
2103;99;32.7
2104;99;32.7
2105;99;32.7
2106;99;32.7
2107;99;32.7
2108;99;32.7
2109;99;32.7
2110;99;32.7
2111;98;32.7
2112;98;32.7
2113;98;32.7
2114;99;32.7
2115;99;32.7
2116;99;32.7
2117;99;32.7
2118;99;32.7
2119;99;32.7
2120;99;32.7
2121;99;32.7
2122;99;32.7
2123;99;32.7
2124;99;32.7
2125;98;32.7
2126;98;32.7
2127;98;32.7
2128;97;32.7
2129;97;32.7
2130;97;32.7
2131;97;32.7
2132;97;32.7
2133;97;32.7
2134;97;32.7
2135;97;32.7
2136;97;32.7
2137;97;32.7
2138;97;32.7
2139;98;32.7
2140;98;32.7
2141;97;32.7
2142;97;32.7
2143;98;32.7
2144;98;32.7
2145;98;32.7
2146;98;32.7
2147;98;32.7
2148;98;32.7
2149;98;32.7
2150;98;32.7
2151;98;32.7
2152;98;32.7
2153;98;32.7
2154;98;32.7
2155;98;32.7
2156;98;32.7
2157;97;32.7
2158;97;32.7
2159;98;32.7
2160;98;32.7
2161;98;32.7
2162;97;32.7
2163;97;32.8
2164;97;32.7
2165;97;32.7
2166;97;32.7
2167;97;32.8
2168;97;32.7
2169;97;32.8
2170;97;32.8
2171;97;32.7
2172;98;32.8
2173;98;32.8
2174;97;32.8
2175;97;32.8
2176;97;32.8
2177;97;32.8
2178;97;32.8
2179;97;32.8
2180;97;32.8
2181;96;32.8
2182;97;32.8
2183;97;32.8
2184;97;32.8
2185;97;32.8
2186;97;32.8
2187;97;32.8
2188;97;32.8
2189;97;32.8
2190;97;32.8
2191;97;32.8
2192;97;32.8
2193;97;32.8
2194;97;32.8
2195;97;32.8
2196;97;32.8
2197;97;32.8
2198;97;32.8
2199;97;32.8
2200;98;32.8
2201;98;32.8
2202;98;32.8
2203;98;32.8
2204;98;32.8
2205;98;32.8
2206;97;32.8
2207;97;32.8
2208;98;32.8
2209;98;32.8
2210;98;32.8
2211;98;32.8
2212;98;32.8
2213;99;32.8
2214;99;32.8
2215;99;32.8
2216;99;32.8
2217;99;32.8
2218;99;32.8
2219;99;32.8
2220;99;32.8
2221;99;32.8
2222;99;32.8
2223;99;32.8
2224;98;32.8
2225;98;32.8
2226;98;32.8
2227;98;32.8
2228;97;32.9
2229;97;32.8
2230;98;32.8
2231;98;32.9
2232;98;32.9
2233;98;32.9
2234;98;32.8
2235;98;32.8
2236;98;32.9
2237;98;32.9
2238;98;32.9
2239;98;32.9
2240;98;32.8
2241;98;32.9
2242;98;32.9
2243;98;32.8
2244;97;32.9
2245;98;32.9
2246;98;32.9
2247;98;32.9
2248;98;32.9
2249;98;32.9
2250;97;32.9
2251;97;32.9
2252;97;32.9
2253;96;32.9
2254;96;32.9
2255;96;32.9
2256;96;32.9
2257;96;32.9
2258;96;32.9
2259;95;32.9
2260;95;32.9
2261;96;32.9
2262;94;32.9
2263;94;32.9
2264;93;32.9
2265;93;32.9
2266;92;32.9
2267;93;32.9
2268;92;32.9
2269;91;32.9
2270;92;32.9
2271;92;32.9
2272;91;32.9
2273;91;32.9
2274;91;32.9
2275;91;32.9
2276;91;32.9
2277;91;32.9
2278;91;32.9
2279;91;32.9
2280;91;32.9
2281;91;32.9
2282;91;32.9
2283;90;32.9
2284;90;32.9
2285;89;32.9
2286;89;32.9
2287;89;32.9
2288;88;32.9
2289;88;32.9
2290;88;32.9
2291;88;32.9
2292;88;32.9
2293;88;32.9
2294;87;32.9
2295;87;32.9
2296;87;32.9
2297;87;32.9
2298;87;32.9
2299;87;32.9
2300;86;32.9
2301;86;32.9
2302;86;32.9
2303;86;32.9
2304;86;32.9
2305;86;32.9
2306;86;32.9
2307;85;32.9
2308;85;32.9
2309;85;32.9
2310;85;32.9
2311;85;32.9
2312;84;32.9
2313;85;32.9
2314;85;32.9
2315;85;32.9
2316;85;32.9
2317;85;32.9
2318;85;32.9
2319;86;32.9
2320;86;32.9
2321;85;32.9
2322;85;32.9
2323;85;32.9
2324;85;32.9
2325;85;32.9
2326;84;32.9
2327;85;32.9
2328;84;32.9
2329;85;32.9
2330;85;32.9
2331;85;32.9
2332;85;32.9
2333;85;32.9
2334;85;32.9
2335;85;32.9
2336;85;32.9
2337;85;32.9
2338;85;32.9
2339;85;32.9
2340;85;32.9
2341;84;32.9
2342;85;32.9
2343;85;32.9
2344;85;32.9
2345;84;32.9
2346;84;32.9
2347;84;32.9
2348;84;32.9
2349;83;32.9
2350;83;32.9
2351;83;32.9
2352;83;32.9
2353;83;32.9
2354;83;32.9
2355;84;32.9
2356;84;32.9
2357;84;32.9
2358;85;32.9
2359;85;32.9
2360;85;32.9
2361;85;32.9
2362;85;32.9
2363;85;32.9
2364;85;32.9
2365;85;32.9
2366;85;32.9
2367;85;32.9
2368;85;32.9
2369;85;32.9
2370;85;32.9
2371;85;32.9
2372;85;32.9
2373;86;32.9
2374;85;32.9
2375;85;32.9
2376;86;32.9
2377;85;32.9
2378;86;32.9
2379;86;32.9
2380;85;32.9
2381;85;33.0
2382;85;33.0
2383;85;32.9
2384;85;33.0
2385;85;32.9
2386;85;33.0
2387;85;33.0
2388;85;33.0
2389;85;33.0
2390;85;32.9
2391;85;33.0
2392;85;33.0
2393;85;33.0
2394;85;33.0
2395;85;32.9
2396;84;33.0
2397;84;32.9
2398;84;33.0
2399;84;32.9
2400;83;33.0
2401;83;33.0
2402;83;33.0
2403;83;33.0
2404;83;33.0
2405;83;33.0
2406;82;33.0
2407;82;33.0
2408;82;33.0
2409;82;33.0
2410;83;33.0
2411;82;33.0
2412;82;33.0
2413;83;33.0
2414;83;33.0
2415;82;33.0
2416;82;33.0
2417;83;33.0
2418;83;33.0
2419;83;33.0
2420;83;33.0
2421;82;33.0
2422;83;33.0
2423;83;33.0
2424;83;33.0
2425;83;33.0
2426;82;33.0
2427;82;33.0
2428;82;33.0
2429;83;33.0
2430;83;33.0
2431;82;33.0
2432;82;33.0
2433;82;33.0
2434;83;33.0
2435;83;33.0
2436;83;33.0
2437;82;33.1
2438;82;33.0
2439;82;33.0
2440;82;33.0
2441;82;33.0
2442;82;33.0
2443;82;33.0
2444;82;33.0
2445;82;33.1
2446;82;33.1
2447;82;33.1
2448;82;33.1
2449;82;33.1
2450;82;33.1
2451;82;33.1
2452;82;33.1
2453;82;33.1
2454;81;33.1
2455;82;33.1
2456;82;33.1
2457;82;33.1
2458;83;33.1
2459;83;33.1
2460;83;33.1
2461;83;33.1
2462;83;33.1
2463;83;33.1
2464;83;33.1
2465;83;33.1
2466;82;33.1
2467;82;33.1
2468;82;33.1
2469;83;33.1
2470;82;33.1
2471;83;33.1
2472;83;33.1
2473;83;33.1
2474;83;33.1
2475;83;33.1
2476;83;33.1
2477;83;33.1
2478;83;33.1
2479;82;33.1
2480;82;33.1
2481;82;33.1
2482;82;33.1
2483;82;33.1
2484;82;33.1
2485;82;33.1
2486;82;33.1
2487;82;33.1
2488;82;33.1
2489;82;33.1
2490;82;33.1
2491;82;33.1
2492;82;33.1
2493;82;33.1
2494;82;33.1
2495;83;33.1
2496;83;33.1
2497;83;33.1
2498;83;33.1
2499;83;33.1
2500;83;33.1
2501;83;33.2
2502;83;33.1
2503;83;33.1
2504;83;33.1
2505;83;33.2
2506;83;33.2
2507;83;33.1
2508;83;33.2
2509;83;33.1
2510;82;33.2
2511;81;33.2
2512;81;33.1
2513;81;33.1
2514;81;33.2
2515;81;33.2
2516;81;33.2
2517;81;33.2
2518;81;33.2
2519;81;33.1
2520;81;33.2
2521;81;33.2
2522;80;33.2
2523;80;33.2
2524;80;33.2
2525;80;33.2
2526;80;33.2
2527;80;33.2
2528;81;33.2
2529;81;33.2
2530;81;33.2
2531;81;33.2
2532;81;33.2
2533;81;33.2
2534;81;33.2
2535;80;33.2
2536;80;33.2
2537;79;33.2
2538;79;33.2
2539;78;33.2
2540;78;33.2
2541;78;33.2
2542;78;33.2
2543;78;33.2
2544;78;33.2
2545;78;33.2
2546;78;33.2
2547;78;33.2
2548;78;33.2
2549;79;33.2
2550;79;33.2
2551;79;33.2
2552;79;33.2
2553;78;33.2
2554;78;33.2
2555;78;33.2
2556;78;33.2
2557;78;33.2
2558;78;33.2
2559;78;33.2
2560;78;33.2
2561;79;33.2
2562;79;33.2
2563;79;33.2
2564;79;33.2
2565;79;33.2
2566;80;33.2
2567;79;33.2
2568;80;33.2
2569;79;33.2
2570;79;33.2
2571;79;33.2
2572;79;33.2
2573;79;33.2
2574;79;33.2
2575;79;33.2
2576;79;33.2
2577;79;33.2
2578;78;33.2
2579;78;33.2
2580;78;33.2
2581;78;33.2
2582;78;33.2
2583;78;33.2
2584;78;33.2
2585;78;33.2
2586;78;33.2
2587;78;33.2
2588;79;33.2
2589;79;33.2
2590;78;33.2
2591;78;33.2
2592;78;33.2
2593;78;33.2
2594;78;33.2
2595;78;33.2
2596;78;33.2
2597;78;33.2
2598;78;33.2
2599;78;33.2
2600;78;33.2
2601;78;33.2
2602;78;33.2
2603;78;33.2
2604;78;33.2
2605;78;33.2
2606;78;33.2
2607;78;33.2
2608;78;33.2
2609;78;33.2
2610;78;33.2
2611;78;33.2
2612;78;33.2
2613;78;33.2
2614;78;33.2
2615;78;33.2
2616;78;33.2
2617;79;33.2
2618;79;33.2
2619;78;33.2
2620;78;33.2
2621;79;33.2
2622;79;33.2
2623;79;33.2
2624;79;33.2
2625;79;33.2
2626;79;33.2
2627;79;33.2
2628;79;33.2
2629;79;33.2
2630;79;33.2
2631;80;33.2
2632;79;33.2
2633;79;33.2
2634;79;33.2
2635;79;33.2
2636;80;33.2
2637;80;33.2
2638;79;33.2
2639;79;33.2
2640;79;33.2
2641;79;33.2
2642;79;33.2
2643;79;33.2
2644;80;33.2
2645;80;33.2
2646;80;33.2
2647;80;33.2
2648;80;33.2
2649;80;33.2
2650;79;33.2
2651;79;33.2
2652;79;33.2
2653;79;33.2
2654;79;33.2
2655;79;33.2
2656;79;33.2
2657;79;33.3
2658;79;33.2
2659;80;33.2
2660;80;33.2
2661;80;33.3
2662;80;33.3
2663;80;33.2
2664;80;33.2
2665;81;33.3
2666;80;33.3
2667;80;33.3
2668;80;33.3
2669;80;33.3
2670;80;33.3
2671;80;33.3
2672;80;33.3
2673;79;33.3
2674;79;33.3
2675;80;33.3
2676;80;33.3
2677;80;33.3
2678;80;33.3
2679;80;33.3
2680;80;33.3
2681;81;33.3
2682;81;33.3
2683;80;33.3
2684;80;33.3
2685;80;33.3
2686;80;33.3
2687;79;33.3
2688;79;33.3
2689;79;33.3
2690;79;33.3
2691;79;33.3
2692;79;33.3
2693;79;33.3
2694;80;33.3
2695;80;33.3
2696;80;33.3
2697;80;33.3
2698;81;33.3
2699;81;33.3
2700;80;33.3
2701;80;33.3
2702;81;33.3
2703;81;33.3
2704;81;33.3
2705;81;33.3
2706;81;33.3
2707;81;33.3
2708;83;33.3
2709;83;33.3
2710;83;33.3
2711;83;33.3
2712;84;33.3
2713;84;33.3
2714;84;33.3
2715;84;33.3
2716;84;33.3
2717;84;33.3
2718;84;33.3
2719;84;33.3
2720;84;33.3
2721;84;33.3
2722;84;33.3
2723;84;33.3
2724;84;33.3
2725;85;33.3
2726;85;33.3
2727;85;33.3
2728;85;33.3
2729;86;33.3
2730;86;33.3
2731;87;33.3
2732;87;33.3
2733;86;33.3
2734;86;33.3
2735;87;33.3
2736;87;33.3
2737;87;33.3
2738;87;33.3
2739;86;33.3
2740;86;33.3
2741;87;33.3
2742;87;33.3
2743;86;33.3
2744;86;33.3
2745;86;33.3
2746;86;33.3
2747;86;33.3
2748;86;33.3
2749;86;33.3
2750;86;33.3
2751;86;33.4
2752;86;33.3
2753;86;33.4
2754;87;33.4
2755;86;33.3
2756;87;33.3
2757;87;33.3
2758;86;33.3
2759;86;33.3
2760;86;33.4
2761;86;33.4
2762;86;33.3
2763;86;33.4
2764;86;33.4
2765;86;33.4
2766;86;33.4
2767;86;33.4
2768;87;33.3
2769;87;33.4
2770;87;33.4
2771;87;33.3
2772;87;33.3
2773;87;33.3
2774;88;33.4
2775;88;33.4
2776;88;33.4
2777;88;33.4
2778;88;33.4
2779;88;33.4
2780;88;33.4
2781;88;33.4
2782;88;33.4
2783;88;33.4
2784;88;33.4
2785;88;33.4
2786;88;33.4
2787;88;33.4
2788;88;33.4
2789;87;33.4
2790;87;33.4
2791;87;33.4
2792;87;33.4
2793;87;33.4
2794;87;33.4
2795;87;33.4
2796;87;33.4
2797;88;33.4
2798;88;33.4
2799;89;33.4
2800;89;33.4
2801;88;33.4
2802;88;33.4
2803;89;33.4
2804;89;33.4
2805;89;33.4
2806;89;33.4
2807;88;33.4
2808;88;33.4
2809;89;33.4
2810;89;33.4
2811;89;33.4
2812;89;33.4
2813;88;33.4
2814;88;33.4
2815;88;33.4
2816;89;33.4
2817;89;33.4
2818;89;33.4
2819;89;33.4
2820;88;33.4
2821;88;33.4
2822;89;33.4
2823;89;33.4
2824;89;33.4
2825;89;33.4
2826;88;33.4
2827;88;33.4
2828;88;33.4
2829;88;33.4
2830;88;33.4
2831;88;33.4
2832;89;33.4
2833;89;33.4
2834;89;33.4
2835;89;33.4
2836;89;33.4
2837;89;33.4
2838;89;33.4
2839;89;33.4
2840;88;33.4
2841;88;33.4
2842;88;33.4
2843;88;33.4
2844;88;33.4
2845;88;33.4
2846;89;33.4
2847;89;33.4
2848;90;33.4
2849;89;33.4
2850;89;33.4
2851;90;33.4
2852;90;33.4
2853;90;33.4
2854;90;33.4
2855;90;33.4
2856;90;33.4
2857;89;33.4
2858;89;33.4
2859;89;33.4
2860;89;33.4
2861;89;33.4
2862;89;33.4
2863;89;33.4
2864;89;33.4
2865;90;33.4
2866;90;33.4
2867;90;33.4
2868;90;33.4
2869;91;33.4
2870;91;33.4
2871;90;33.4
2872;90;33.4
2873;90;33.4
2874;90;33.4
2875;90;33.4
2876;90;33.4
2877;90;33.4
2878;91;33.4
2879;91;33.4
2880;91;33.4
2881;91;33.4
2882;91;33.4
2883;91;33.4
2884;92;33.4
2885;92;33.4
2886;92;33.4
2887;92;33.4
2888;93;33.4
2889;93;33.4
2890;93;33.4
2891;93;33.4
2892;94;33.4
2893;94;33.4
2894;95;33.4
2895;95;33.4
2896;96;33.4
2897;96;33.4
2898;97;33.4
2899;97;33.4
2900;98;33.4
2901;98;33.4
2902;99;33.4
2903;99;33.4
2904;100;33.4
2905;100;33.4
2906;100;33.4
2907;100;33.4
2908;101;33.4
2909;105;33.4
2910;109;33.4
2911;114;33.4
2912;118;33.4
2913;123;33.4
2914;123;33.4
2915;131;33.4
2916;131;33.4
2917;138;33.4
2918;138;33.4
2919;137;33.4
2920;137;33.4
2921;136;33.4
2922;136;33.4
2923;134;33.4
2924;134;33.4
2925;130;33.5
2926;130;33.4
2927;125;33.5
2928;125;33.5
2929;118;33.4
2930;117;33.4
2931;115;33.4
2932;113;33.5
2933;112;33.4
2934;110;33.5
2935;109;33.5
2936;108;33.5
2937;107;33.5
2938;106;33.4
2939;104;33.5
2940;103;33.4
2941;102;33.5
2942;101;33.5
2943;100;33.5
2944;100;33.5
2945;100;33.5
2946;99;33.5
2947;99;33.5
2948;98;33.5
2949;98;33.5
2950;96;33.5
2951;96;33.5
2952;95;33.5
2953;95;33.5
2954;94;33.5
2955;94;33.5
2956;94;33.5
2957;94;33.5
2958;94;33.5
2959;94;33.5
2960;94;33.5
2961;94;33.5
2962;93;33.5
2963;93;33.5
2964;93;33.5
2965;93;33.5
2966;93;33.5
2967;93;33.5
2968;93;33.5
2969;94;33.5
2970;94;33.5
2971;94;33.5
2972;94;33.5
2973;94;33.5
2974;94;33.5
2975;94;33.5
2976;93;33.5
2977;93;33.5
2978;93;33.5
2979;93;33.5
2980;93;33.5
2981;93;33.5
2982;93;33.5
2983;93;33.5
2984;93;33.5
2985;94;33.5
2986;94;33.5
2987;95;33.5
2988;95;33.5
2989;96;33.5
2990;96;33.5
2991;96;33.5
2992;96;33.5
2993;96;33.5
2994;96;33.5
2995;95;33.5
2996;95;33.5
2997;96;33.5
2998;96;33.5
2999;96;33.5
3000;96;33.5
3001;96;33.5
3002;95;33.5
3003;95;33.5
3004;95;33.5
3005;94;33.5
3006;94;33.5
3007;95;33.5
3008;96;33.5
3009;96;33.5
3010;97;33.5
3011;97;33.5
3012;97;33.5
3013;97;33.5
3014;96;33.5
3015;96;33.5
3016;95;33.5
3017;95;33.5
3018;96;33.5
3019;96;33.5
3020;97;33.6
3021;97;33.5
3022;98;33.5
3023;98;33.5
3024;99;33.5
3025;100;33.5
3026;100;33.5
3027;101;33.5
3028;100;33.5
3029;100;33.6
3030;99;33.5
3031;99;33.5
3032;99;33.5
3033;99;33.6
3034;98;33.5
3035;98;33.5
3036;99;33.5
3037;99;33.6
3038;100;33.5
3039;101;33.6
3040;101;33.6
3041;101;33.5
3042;101;33.5
3043;101;33.6
3044;101;33.6
3045;101;33.6
3046;101;33.6
3047;101;33.6
3048;101;33.6
3049;100;33.6
3050;100;33.6
3051;101;33.6
3052;101;33.6
3053;100;33.6
3054;100;33.6
3055;101;33.6
3056;102;33.6
3057;102;33.6
3058;102;33.6
3059;102;33.6
3060;102;33.6
3061;102;33.6
3062;102;33.6
3063;101;33.6
3064;101;33.6
3065;101;33.6
3066;101;33.6
3067;102;33.6
3068;102;33.6
3069;102;33.6
3070;102;33.6
3071;102;33.6
3072;102;33.6
3073;102;33.6
3074;101;33.6
3075;101;33.6
3076;101;33.6
3077;101;33.6
3078;100;33.6
3079;101;33.6
3080;101;33.6
3081;101;33.6
3082;101;33.6
3083;101;33.6
3084;101;33.6
3085;101;33.6
3086;100;33.6
3087;100;33.6
3088;100;33.6
3089;99;33.6
3090;100;33.6
3091;100;33.6
3092;101;33.6
3093;101;33.6
3094;100;33.6
3095;100;33.6
3096;100;33.6
3097;100;33.6
3098;100;33.6
3099;100;33.6
3100;100;33.6
3101;101;33.6
3102;101;33.6
3103;101;33.6
3104;101;33.6
3105;101;33.6
3106;101;33.6
3107;101;33.6
3108;101;33.6
3109;100;33.6
3110;100;33.6
3111;100;33.6
3112;100;33.6
3113;100;33.6
3114;100;33.6
3115;101;33.6
3116;100;33.6
3117;100;33.6
3118;99;33.6
3119;99;33.6
3120;98;33.6
3121;98;33.6
3122;98;33.6
3123;98;33.6
3124;98;33.6
3125;99;33.6
3126;99;33.6
3127;99;33.6
3128;100;33.6
3129;100;33.6
3130;99;33.6
3131;99;33.6
3132;99;33.6
3133;99;33.6
3134;99;33.6
3135;99;33.6
3136;98;33.6
3137;98;33.6
3138;98;33.6
3139;98;33.6
3140;98;33.6
3141;98;33.6
3142;97;33.6
3143;97;33.6
3144;97;33.6
3145;97;33.6
3146;96;33.6
3147;97;33.6
3148;97;33.6
3149;98;33.6
3150;99;33.6
3151;100;33.6
3152;101;33.6
3153;103;33.6
3154;104;33.6
3155;103;33.6
3156;104;33.6
3157;103;33.6
3158;103;33.6
3159;101;33.6
3160;101;33.6
3161;101;33.6
3162;101;33.6
3163;101;33.6
3164;102;33.6
3165;102;33.6
3166;103;33.6
3167;104;33.6
3168;105;33.6
3169;104;33.6
3170;104;33.6
3171;103;33.6
3172;102;33.6
3173;101;33.6
3174;101;33.6
3175;100;33.6
3176;100;33.6
3177;100;33.6
3178;100;33.6
3179;101;33.6
3180;101;33.6
3181;101;33.6
3182;101;33.6
3183;101;33.6
3184;101;33.6
3185;101;33.6
3186;101;33.6
3187;102;33.6
3188;102;33.6
3189;102;33.6
3190;102;33.6
3191;101;33.6
3192;100;33.6
3193;100;33.6
3194;100;33.6
3195;100;33.6
3196;99;33.6
3197;99;33.6
3198;99;33.6
3199;99;33.6
3200;99;33.6
3201;99;33.6
3202;99;33.6
3203;98;33.6
3204;98;33.6
3205;98;33.6
3206;98;33.6
3207;98;33.6
3208;98;33.6
3209;97;33.6
3210;97;33.6
3211;97;33.6
3212;97;33.6
3213;98;33.6
3214;97;33.6
3215;96;33.6
3216;96;33.6
3217;96;33.6
3218;95;33.6
3219;95;33.6
3220;96;33.6
3221;96;33.6
3222;96;33.6
3223;96;33.6
3224;96;33.6
3225;96;33.6
3226;96;33.6
3227;96;33.6
3228;96;33.6
3229;96;33.6
3230;95;33.6
3231;95;33.6
3232;95;33.6
3233;96;33.6
3234;96;33.6
3235;96;33.6
3236;96;33.6
3237;96;33.6
3238;96;33.6
3239;96;33.6
3240;96;33.6
3241;95;33.6
3242;95;33.6
3243;95;33.6
3244;95;33.6
3245;94;33.6
3246;94;33.6
3247;93;33.6
3248;93;33.6
3249;93;33.6
3250;93;33.7
3251;92;33.6
3252;92;33.6
3253;92;33.7
3254;91;33.6
3255;91;33.7
3256;91;33.6
3257;91;33.6
3258;91;33.6
3259;91;33.7
3260;91;33.6
3261;91;33.6
3262;91;33.6
3263;91;33.6
3264;91;33.6
3265;90;33.6
3266;90;33.6
3267;89;33.6
3268;89;33.7
3269;88;33.6
3270;89;33.6
3271;89;33.6
3272;89;33.6
3273;89;33.6
3274;89;33.6
3275;89;33.7
3276;90;33.7
3277;89;33.7
3278;89;33.7
3279;88;33.6
3280;88;33.7
3281;88;33.7
3282;87;33.7
3283;87;33.7
3284;87;33.7
3285;87;33.7
3286;87;33.7
3287;87;33.7
3288;87;33.7
3289;87;33.7
3290;87;33.7
3291;88;33.7
3292;88;33.7
3293;88;33.7
3294;88;33.7
3295;88;33.7
3296;88;33.7
3297;89;33.7
3298;89;33.7
3299;88;33.7
3300;89;33.7
3301;89;33.7
3302;89;33.7
3303;89;33.7
3304;89;33.7
3305;89;33.7
3306;89;33.7
3307;89;33.7
3308;89;33.7
3309;89;33.7
3310;89;33.7
3311;89;33.7
3312;89;33.7
3313;89;33.7
3314;89;33.7
3315;89;33.7
3316;89;33.7
3317;89;33.7
3318;89;33.7
3319;89;33.7
3320;88;33.7
3321;89;33.7
3322;89;33.7
3323;90;33.7
3324;90;33.7
3325;91;33.7
3326;90;33.7
3327;90;33.7
3328;92;33.7
3329;92;33.7
3330;92;33.7
3331;92;33.7
3332;92;33.7
3333;92;33.7
3334;92;33.7
3335;92;33.7
3336;91;33.7
3337;91;33.7
3338;91;33.7
3339;91;33.7
3340;92;33.7
3341;92;33.7
3342;92;33.7
3343;92;33.7
3344;92;33.7
3345;92;33.7
3346;92;33.7
3347;91;33.7
3348;91;33.7
3349;91;33.7
3350;91;33.7
3351;91;33.7
3352;90;33.7
3353;91;33.7
3354;92;33.7
3355;92;33.7
3356;92;33.7
3357;91;33.7
3358;91;33.7
3359;91;33.7
3360;91;33.7
3361;90;33.7
3362;89;33.7
3363;90;33.7
3364;91;33.7
3365;91;33.7
3366;91;33.7
3367;92;33.7
3368;92;33.7
3369;93;33.7
3370;93;33.7
3371;93;33.7
3372;92;33.7
3373;91;33.7
3374;92;33.7
3375;92;33.7
3376;92;33.7
3377;92;33.7
3378;92;33.7
3379;93;33.7
3380;93;33.7
3381;94;33.7
3382;93;33.7
3383;94;33.7
3384;95;33.7
3385;96;33.7
3386;97;33.7
3387;103;33.7
3388;106;33.7
3389;112;33.7
3390;116;33.7
3391;121;33.7
3392;127;33.7
3393;129;33.7
3394;133;33.7
3395;133;33.7
3396;133;33.7
3397;132;33.7
3398;132;33.7
3399;132;33.7
3400;130;33.7
3401;127;33.7
3402;125;33.7
3403;123;33.7
3404;121;33.7
3405;117;33.7
3406;114;33.8
3407;111;33.7
3408;109;33.7
3409;107;33.7
3410;105;33.7
3411;103;33.7
3412;102;33.7
3413;100;33.7
3414;99;33.7
3415;98;33.8
3416;98;33.7
3417;97;33.7
3418;97;33.7
3419;97;33.7
3420;96;33.7
3421;96;33.7
3422;96;33.7
3423;96;33.8
3424;97;33.8
3425;97;33.7
3426;96;33.8
3427;96;33.7
3428;96;33.7
3429;96;33.7
3430;96;33.7
3431;95;33.7
3432;95;33.7
3433;95;33.7
3434;95;33.7
3435;95;33.8
3436;94;33.8
3437;94;33.8
3438;93;33.7
3439;93;33.7
3440;93;33.7
3441;93;33.8
3442;92;33.8
3443;91;33.8
3444;91;33.8
3445;92;33.8
3446;92;33.8
3447;93;33.8
3448;93;33.8
3449;93;33.8
3450;93;33.8
3451;93;33.8
3452;93;33.8
3453;92;33.8
3454;92;33.8
3455;91;33.8
3456;91;33.8
3457;90;33.8
3458;90;33.8
3459;89;33.8
3460;89;33.8
3461;89;33.8
3462;89;33.8
3463;89;33.8
3464;89;33.8
3465;89;33.8
3466;89;33.8
3467;89;33.8
3468;89;33.8
3469;89;33.8
3470;89;33.8
3471;89;33.8
3472;89;33.8
3473;89;33.8
3474;90;33.8
3475;90;33.8
3476;90;33.8
3477;91;33.8
3478;91;33.8
3479;91;33.8
3480;91;33.8
3481;91;33.8
3482;91;33.8
3483;91;33.8
3484;91;33.8
3485;92;33.8
3486;91;33.8
3487;91;33.8
3488;92;33.8
3489;92;33.8
3490;92;33.8
3491;92;33.8
3492;92;33.8
3493;92;33.8
3494;92;33.8
3495;92;33.8
3496;92;33.8
3497;93;33.8
3498;93;33.8
3499;93;33.8
3500;93;33.8
3501;94;33.8
3502;94;33.8
3503;94;33.8
3504;94;33.8
3505;94;33.8
3506;94;33.8
3507;94;33.8
3508;95;33.8
3509;94;33.8
3510;94;33.8
3511;94;33.8
3512;94;33.8
3513;94;33.8
3514;94;33.8
3515;94;33.8
3516;94;33.8
3517;94;33.8
3518;94;33.8
3519;94;33.8
3520;95;33.8
3521;94;33.8
3522;95;33.8
3523;95;33.8
3524;95;33.8
3525;95;33.8
3526;96;33.8
3527;95;33.8
3528;95;33.8
3529;95;33.8
3530;95;33.8
3531;95;33.8
3532;95;33.8
3533;95;33.8
3534;95;33.8
3535;96;33.8
3536;96;33.8
3537;96;33.8
3538;97;33.8
3539;97;33.8
3540;97;33.8
3541;98;33.8
3542;99;33.8
3543;99;33.8
3544;99;33.8
3545;98;33.8
3546;98;33.8
3547;97;33.8
3548;96;33.8
3549;96;33.8
3550;96;33.8
3551;97;33.8
3552;97;33.8
3553;97;33.8
3554;98;33.8
3555;98;33.8
3556;98;33.8
3557;99;33.8
3558;98;33.8
3559;99;33.8
3560;99;33.8
3561;100;33.8
3562;100;33.8
3563;101;33.8
3564;100;33.8
3565;100;33.8
3566;100;33.8
3567;100;33.8
3568;99;33.8
3569;99;33.8
3570;99;33.8
3571;99;33.8
3572;99;33.8
3573;99;33.8
3574;99;33.8
3575;99;33.8
3576;104;33.8
3577;106;33.8
3578;107;33.8
3579;110;33.8
3580;111;33.8
3581;115;33.8
3582;117;33.8
3583;119;33.8
3584;118;33.8
3585;120;33.8
3586;120;33.8
3587;121;33.8
3588;121;33.8
3589;120;33.8
3590;119;33.8
3591;118;33.8
3592;116;33.8
3593;114;33.8
3594;114;33.8
3595;112;33.8
3596;112;33.8
3597;113;33.8
3598;113;33.8
3599;113;33.8
3600;113;33.8
3601;111;33.8
3602;110;33.8
3603;108;33.8
3604;107;33.8
3605;106;33.8
3606;105;33.8
3607;103;33.8
3608;102;33.8
3609;102;33.8
3610;102;33.8
3611;101;33.8
3612;101;33.8
3613;100;33.8
3614;100;33.8
3615;100;33.8
3616;99;33.8
3617;99;33.8
3618;99;33.8
3619;98;33.8
3620;98;33.8
3621;97;33.8
3622;96;33.8
3623;96;33.8
3624;95;33.8
3625;94;33.8
3626;93;33.8
3627;93;33.8
3628;93;33.8
3629;93;33.8
3630;93;33.8
3631;93;33.8
3632;93;33.8
3633;93;33.8
3634;93;33.8
3635;92;33.8
3636;92;33.8
3637;92;33.8
3638;91;33.8
3639;91;33.8
3640;92;33.8
3641;91;33.8
3642;91;33.8
3643;90;33.8
3644;90;33.8
3645;90;33.8
3646;90;33.8
3647;90;33.8
3648;90;33.8
3649;90;33.8
3650;91;33.8
3651;91;33.8
3652;91;33.8
3653;91;33.8
3654;91;33.8
3655;91;33.8
3656;91;33.8
3657;91;33.8
3658;90;33.8
3659;90;33.8
3660;91;33.8
3661;91;33.8
3662;91;33.8
3663;92;33.8
3664;92;33.8
3665;92;33.8
3666;92;33.8
3667;93;33.8
3668;93;33.8
3669;93;33.8
3670;93;33.8
3671;93;33.8
3672;93;33.8
3673;93;33.8
3674;94;33.8
3675;94;33.8
3676;94;33.8
3677;95;33.8
3678;95;33.8
3679;95;33.8
3680;95;33.8
3681;95;33.8
3682;95;33.8
3683;95;33.8
3684;95;33.8
3685;94;33.8
3686;94;33.8
3687;94;33.8
3688;94;33.8
3689;94;33.8
3690;94;33.8
3691;94;33.8
3692;94;33.8
3693;94;33.8
3694;93;33.8
3695;94;33.8
3696;94;33.8
3697;94;33.8
3698;95;33.8
3699;95;33.8
3700;96;33.8
3701;96;33.8
3702;96;33.8
3703;96;33.8
3704;96;33.8
3705;96;33.8
3706;96;33.8
3707;95;33.8
3708;95;33.8
3709;95;33.8
3710;96;33.8
3711;96;33.8
3712;97;33.8
3713;97;33.8
3714;98;33.8
3715;99;33.8
3716;99;33.8
3717;99;33.8
3718;100;33.8
3719;99;33.8
3720;99;33.8
3721;99;33.8
3722;99;33.8
3723;99;33.9
3724;99;33.8
3725;99;33.8
3726;99;33.8
3727;99;33.8
3728;99;33.8
3729;98;33.8
3730;99;33.8
3731;99;33.8
3732;100;33.8
3733;101;33.8
3734;101;33.8
3735;101;33.9
3736;101;33.9
3737;101;33.8
3738;101;33.9
3739;100;33.8
3740;100;33.8
3741;100;33.8
3742;100;33.8
3743;99;33.9
3744;99;33.8
3745;99;33.9
3746;99;33.9
3747;99;33.8
3748;98;33.8
3749;98;33.8
3750;98;33.8
3751;98;33.8
3752;98;33.8
3753;97;33.9
3754;97;33.8
3755;97;33.9
3756;97;33.9
3757;98;33.9
3758;98;33.9
3759;98;33.8
3760;98;33.9
3761;99;33.9
3762;99;33.9
3763;99;33.9
3764;99;33.8
3765;98;33.9
3766;98;33.9
3767;98;33.9
3768;98;33.9
3769;99;33.9
3770;98;33.9
3771;98;33.9
3772;98;33.9
3773;98;33.9
3774;98;33.9
3775;98;33.9
3776;97;33.9
3777;97;33.9
3778;98;33.9
3779;98;33.9
3780;98;33.9
3781;98;33.8
3782;99;33.9
3783;99;33.9
3784;98;33.8
3785;98;33.9
3786;98;33.9
3787;98;33.9
3788;98;33.9
3789;97;33.9
3790;97;33.9
3791;97;33.9
3792;97;33.9
3793;98;33.9
3794;98;33.9
3795;98;33.9
3796;98;33.9
3797;98;33.9
3798;98;33.9
3799;97;33.9
3800;97;33.9
3801;96;33.9
3802;96;33.9
3803;96;33.9
3804;95;33.9
3805;95;33.9
3806;95;33.9
3807;95;33.9
3808;95;33.9
3809;95;33.9
3810;96;33.9
3811;96;33.9
3812;97;33.9
3813;98;33.9
3814;98;33.9
3815;101;33.9
3816;103;33.9
3817;106;33.9
3818;110;33.9
3819;112;33.9
3820;114;33.9
3821;116;33.9
3822;119;33.9
3823;119;33.9
3824;119;33.9
3825;118;33.9
3826;116;33.9
3827;115;33.9
3828;113;33.9
3829;112;33.9
3830;111;33.9
3831;110;33.9
3832;110;33.9
3833;110;33.9
3834;111;33.9
3835;112;33.9
3836;113;33.9
3837;113;33.9
3838;112;33.9
3839;111;33.9
3840;111;33.9
3841;110;33.9
3842;108;33.9
3843;107;33.9
3844;105;33.9
3845;104;33.9
3846;103;33.9
3847;102;33.9
3848;102;33.9
3849;101;33.9
3850;101;33.9
3851;100;33.9
3852;99;33.9
3853;99;33.9
3854;98;33.9
3855;98;33.9
3856;98;33.9
3857;97;33.9
3858;97;33.8
3859;96;33.9
3860;96;33.9
3861;96;33.8
3862;95;33.9
3863;95;33.8
3864;95;33.9
3865;94;33.8
3866;94;33.8
3867;94;33.8
3868;93;33.8
3869;93;33.8
3870;93;33.8
3871;93;33.8
3872;92;33.8
3873;91;33.8
3874;91;33.8
3875;90;33.9
3876;91;33.8
3877;91;33.9
3878;90;33.9
3879;90;33.8
3880;91;33.8
3881;91;33.8
3882;90;33.8
3883;90;33.9
3884;90;33.8
3885;89;33.8
3886;89;33.8
3887;88;33.8
3888;88;33.8
3889;89;33.8
3890;88;33.8
3891;88;33.9
3892;88;33.8
3893;89;33.8
3894;89;33.8
3895;89;33.8
3896;89;33.8
3897;89;33.8
3898;89;33.8
3899;89;33.8
3900;89;33.9
3901;89;33.8
3902;90;33.8
3903;90;33.8
3904;91;33.8
3905;91;33.8
3906;91;33.8
3907;91;33.8
3908;91;33.8
3909;91;33.8
3910;91;33.8
3911;91;33.8
3912;92;33.8
3913;92;33.8
3914;92;33.8
3915;92;33.8
3916;93;33.8
3917;93;33.9
3918;92;33.8
3919;93;33.9
3920;93;33.9
3921;93;33.8
3922;93;33.8
3923;94;33.8
3924;94;33.9
3925;94;33.8
3926;94;33.8
3927;94;33.8
3928;94;33.8
3929;94;33.9
3930;94;33.8
3931;94;33.8
3932;94;33.8
3933;94;33.8
3934;93;33.8
3935;93;33.8
3936;93;33.8
3937;92;33.8
3938;92;33.8
3939;92;33.8
3940;92;33.8
3941;92;33.8
3942;92;33.8
3943;93;33.8
3944;93;33.9
3945;93;33.9
3946;93;33.9
3947;93;33.8
3948;93;33.9
3949;93;33.9
3950;92;33.9
3951;92;33.9
3952;92;33.9
3953;91;33.8
3954;91;33.8
3955;90;33.8
3956;90;33.9
3957;90;33.9
3958;90;33.9
3959;90;33.9
3960;90;33.9
3961;90;33.8
3962;90;33.8
3963;91;33.9
3964;91;33.8
3965;91;33.8
3966;91;33.8
3967;91;33.8
3968;90;33.9
3969;90;33.8
3970;89;33.8
3971;89;33.8
3972;89;33.8
3973;89;33.8
3974;89;33.8
3975;89;33.9
3976;89;33.8
3977;89;33.9
3978;90;33.9
3979;89;33.9
3980;89;33.8
3981;89;33.8
3982;89;33.9
3983;89;33.9
3984;89;33.9
3985;89;33.9
3986;89;33.9
3987;89;33.9
3988;89;33.8
3989;90;33.8
3990;89;33.9
3991;89;33.9
3992;89;33.9
3993;89;33.8
3994;89;33.9
3995;89;33.9
3996;88;33.9
3997;88;33.9
3998;88;33.8
3999;87;33.8
4000;88;33.9
4001;87;33.9
4002;88;33.9
4003;88;33.9
4004;88;33.9
4005;88;33.9
4006;87;33.9
4007;87;33.9
4008;87;33.9
4009;87;33.9
4010;86;33.9
4011;86;33.9
4012;87;33.9
4013;87;33.9
4014;88;33.9
4015;88;33.9
4016;88;33.9
4017;89;33.9
4018;89;33.9
4019;89;33.9
4020;89;33.9
4021;90;33.9
4022;90;33.9
4023;89;33.9
4024;89;33.9
4025;89;33.9
4026;89;33.9
4027;89;33.9
4028;89;33.9
4029;89;33.9
4030;89;33.9
4031;89;33.9
4032;89;33.9
4033;89;33.9
4034;89;33.9
4035;88;33.9
4036;88;33.9
4037;88;33.9
4038;87;33.9
4039;88;33.9
4040;87;33.9
4041;87;33.9
4042;88;33.9
4043;87;33.9
4044;87;33.9
4045;87;33.9
4046;87;33.9
4047;87;33.9
4048;86;33.9
4049;87;33.9
4050;87;33.9
4051;87;33.9
4052;87;33.9
4053;88;33.9
4054;88;33.9
4055;88;33.9
4056;88;33.9
4057;88;33.9
4058;88;33.9
4059;88;33.9
4060;88;33.9
4061;88;33.9
4062;88;33.9
4063;88;33.9
4064;88;33.9
4065;88;33.9
4066;88;33.9
4067;88;33.9
4068;87;33.9
4069;87;33.9
4070;87;33.9
4071;87;33.9
4072;86;33.9
4073;87;33.9
4074;87;33.9
4075;87;33.9
4076;88;33.9
4077;88;33.9
4078;88;33.9
4079;88;33.9
4080;88;33.9
4081;87;33.9
4082;87;33.9
4083;87;33.9
4084;87;33.9
4085;87;33.9
4086;87;33.9
4087;87;33.9
4088;86;33.9
4089;86;33.9
4090;86;33.9
4091;86;33.9
4092;85;33.9
4093;85;33.9
4094;86;33.9
4095;86;33.9
4096;86;33.9
4097;86;33.9
4098;87;33.9
4099;87;33.9
4100;86;33.9
4101;87;33.9
4102;86;33.9
4103;87;33.9
4104;87;33.9
4105;86;33.9
4106;86;33.9
4107;85;33.9
4108;86;33.9
4109;87;33.9
4110;87;33.9
4111;87;33.9
4112;86;33.9
4113;87;33.9
4114;87;33.9
4115;87;33.9
4116;88;33.9
4117;87;33.9
4118;87;33.9
4119;87;33.9
4120;87;33.9
4121;86;33.9
4122;86;33.9
4123;86;33.9
4124;85;33.9
4125;84;33.9
4126;84;33.9
4127;84;33.9
4128;84;33.9
4129;84;33.9
4130;85;33.9
4131;84;33.9
4132;84;33.9
4133;84;33.9
4134;84;33.9
4135;84;33.9
4136;84;34.0
4137;84;33.9
4138;84;33.9
4139;85;33.9
4140;86;33.9
4141;86;34.0
4142;86;34.0
4143;86;34.0
4144;86;33.9
4145;86;33.9
4146;86;33.9
4147;86;33.9
4148;86;33.9
4149;86;33.9
4150;86;34.0
4151;86;34.0
4152;86;34.0
4153;86;34.0
4154;87;34.0
4155;88;33.9
4156;88;34.0
4157;89;33.9
4158;89;33.9
4159;89;33.9
4160;88;33.9
4161;88;33.9
4162;87;34.0
4163;87;34.0
4164;86;34.0
4165;86;34.0
4166;86;34.0
4167;85;33.9
4168;86;34.0
4169;86;34.0
4170;85;34.0
4171;85;33.9
4172;85;34.0
4173;85;34.0
4174;85;34.0
4175;85;34.0
4176;85;34.0
4177;84;34.0
4178;84;34.0
4179;84;33.9
4180;84;34.0
4181;84;34.0
4182;84;34.0
4183;85;34.0
4184;85;34.0
4185;85;34.0
4186;85;34.0
4187;85;34.0
4188;85;34.0
4189;85;34.0
4190;85;34.0
4191;84;34.0
4192;84;34.0
4193;84;34.0
4194;85;34.0
4195;85;34.0
4196;85;34.0
4197;86;34.0
4198;86;34.0
4199;86;34.0
4200;87;34.0
4201;87;34.0
4202;86;34.0
4203;86;34.0
4204;87;34.0
4205;87;34.0
4206;87;34.0
4207;87;34.0
4208;87;34.0
4209;88;34.0
4210;88;34.0
4211;88;34.0
4212;88;34.0
4213;87;34.0
4214;88;34.0
4215;88;34.0
4216;88;34.0
4217;88;34.0
4218;87;34.0
4219;87;34.0
4220;87;34.0
4221;87;34.0
4222;87;34.0
4223;87;34.0
4224;87;34.0
4225;87;34.0
4226;87;34.0
4227;87;34.0
4228;87;34.0
4229;87;34.0
4230;86;34.0
4231;86;34.0
4232;86;34.0
4233;86;34.0
4234;86;34.0
4235;86;34.0
4236;87;34.0
4237;87;34.0
4238;86;34.0
4239;86;34.0
4240;86;34.0
4241;85;34.0
4242;85;34.0
4243;85;34.0
4244;85;34.0
4245;85;34.0
4246;84;34.0
4247;84;34.0
4248;85;34.0
4249;85;34.0
4250;85;34.0
4251;85;34.0
4252;85;34.0
4253;85;34.0
4254;86;34.0
4255;86;34.0
4256;86;34.0
4257;85;34.0
4258;86;34.0
4259;86;34.0
4260;87;34.0
4261;87;34.0
4262;87;34.0
4263;87;34.0
4264;88;34.0
4265;94;34.0
4266;96;34.0
4267;99;34.0
4268;103;34.0
4269;107;34.0
4270;118;34.0
4271;128;34.0
4272;136;34.0
4273;139;34.0
4274;143;34.0
4275;148;34.0
4276;151;34.0
4277;153;34.0
4278;148;34.0
4279;142;34.0
4280;140;34.0
4281;138;34.0
4282;135;34.0
4283;131;34.0
4284;129;34.0
4285;125;34.0
4286;122;34.0
4287;118;34.0
4288;116;34.0
4289;112;34.0
4290;109;34.0
4291;108;34.0
4292;105;34.0
4293;102;34.0
4294;101;34.0
4295;99;34.0
4296;98;34.0
4297;97;34.0
4298;96;34.0
4299;94;34.0
4300;93;34.0
4301;92;34.0
4302;91;34.0
4303;89;34.0
4304;89;34.0
4305;87;34.0
4306;87;34.0
4307;87;34.0
4308;86;34.0
4309;85;34.0
4310;85;34.0
4311;85;34.0
4312;84;34.0
4313;84;34.0
4314;83;34.0
4315;83;34.0
4316;83;34.0
4317;82;34.0
4318;82;34.0
4319;81;34.0
4320;81;34.0
4321;80;34.0
4322;80;34.0
4323;80;34.0
4324;79;34.0
4325;79;34.0
4326;79;34.0
4327;79;34.0
4328;79;34.0
4329;78;34.0
4330;78;34.0
4331;78;34.0
4332;78;34.0
4333;78;34.0
4334;78;34.0
4335;78;34.0
4336;78;34.0
4337;78;34.0
4338;78;34.0
4339;77;34.0
4340;78;34.0
4341;77;34.0
4342;78;34.0
4343;78;34.0
4344;78;34.0
4345;78;34.0
4346;78;34.0
4347;78;34.0
4348;78;34.0
4349;78;34.0
4350;78;34.0
4351;78;34.0
4352;78;34.0
4353;78;34.0
4354;78;34.0
4355;79;34.0
4356;79;34.0
4357;80;34.0
4358;81;34.0
4359;81;34.0
4360;81;34.0
4361;81;34.0
4362;82;34.0
4363;82;34.0
4364;82;34.0
4365;82;34.0
4366;82;34.0
4367;83;34.0
4368;83;34.0
4369;84;34.0
4370;84;34.0
4371;84;34.0
4372;84;34.0
4373;84;34.0
4374;85;34.0
4375;85;34.0
4376;84;34.0
4377;85;34.0
4378;85;34.0
4379;84;34.0
4380;84;34.0
4381;84;34.0
4382;84;34.0
4383;85;34.0
4384;85;34.0
4385;85;34.0
4386;85;34.0
4387;85;34.0
4388;86;34.0
4389;86;34.0
4390;86;34.0
4391;86;34.0
4392;86;34.0
4393;86;34.0
4394;86;34.0
4395;86;34.0
4396;85;34.0
4397;85;34.0
4398;85;34.0
4399;86;34.0
4400;86;34.0
4401;86;34.0
4402;87;34.0
4403;87;34.0
4404;87;34.0
4405;87;34.0
4406;87;34.0
4407;87;34.0
4408;87;34.0
4409;87;34.0
4410;87;34.0
4411;87;34.0
4412;87;34.0
4413;87;34.0
4414;87;34.0
4415;88;34.0
4416;88;34.0
4417;88;34.0
4418;88;34.0
4419;89;34.0
4420;89;34.0
4421;89;34.0
4422;90;34.0
4423;89;34.0
4424;89;34.0
4425;89;34.0
4426;89;34.0
4427;89;34.0
4428;89;34.0
4429;89;34.0
4430;89;34.0
4431;89;34.0
4432;89;34.0
4433;88;34.0
4434;88;34.0
4435;88;34.0
4436;87;34.0
4437;87;34.0
4438;87;34.0
4439;87;34.0
4440;87;34.0
4441;87;34.0
4442;87;34.0
4443;88;34.0
4444;87;34.0
4445;87;34.0
4446;87;34.0
4447;86;34.0
4448;86;34.0
4449;86;34.0
4450;86;34.0
4451;85;34.0
4452;86;34.0
4453;86;34.0
4454;86;34.0
4455;86;34.0
4456;87;34.0
4457;87;34.0
4458;87;34.0
4459;88;34.0
4460;88;34.0
4461;89;34.0
4462;89;34.0
4463;89;34.0
4464;89;34.0
4465;90;34.0
4466;89;34.0
4467;89;34.0
4468;89;34.0
4469;88;34.0
4470;89;34.0
4471;88;34.0
4472;88;34.0
4473;87;34.0
4474;87;34.0
4475;87;34.0
4476;87;34.0
4477;87;34.0
4478;87;34.0
4479;87;34.0
4480;86;34.0
4481;86;34.0
4482;86;34.0
4483;86;34.0
4484;86;34.0
4485;87;34.0
4486;87;34.0
4487;87;34.0
4488;87;34.0
4489;87;34.0
4490;87;34.0
4491;87;34.0
4492;86;34.0
4493;85;34.0
4494;85;34.0
4495;85;34.0
4496;85;34.0
4497;85;34.0
4498;85;34.0
4499;85;34.0
4500;86;34.0
4501;86;34.0
4502;88;34.0
4503;89;34.0
4504;90;34.0
4505;83;34.1
4506;87;34.0
4507;91;34.0
4508;94;34.0
4509;97;34.0
4510;99;34.0
4511;101;34.0
4512;103;34.0
4513;114;34.0
4514;113;34.0
4515;112;34.0
4516;109;34.0
4517;107;34.1
4518;106;34.1
4519;104;34.0
4520;101;34.0
4521;98;34.0
4522;97;34.1
4523;95;34.0
4524;94;34.0
4525;93;34.1
4526;91;34.1
4527;90;34.0
4528;89;34.1
4529;89;34.1
4530;89;34.1
4531;88;34.1
4532;88;34.1
4533;88;34.0
4534;88;34.0
4535;88;34.0
4536;88;34.0
4537;88;34.0
4538;87;34.0
4539;87;34.1
4540;87;34.0
4541;86;34.1
4542;87;34.1
4543;86;34.0
4544;86;34.0
4545;86;34.1
4546;86;34.0
4547;85;34.0
4548;86;34.0
4549;86;34.0
4550;85;34.1
4551;85;34.1
4552;85;34.0
4553;85;34.0
4554;85;34.0
4555;85;34.0
4556;84;34.0
4557;84;34.0
4558;84;34.0
4559;84;34.0
4560;84;34.0
4561;84;34.0
4562;84;34.0
4563;83;34.1
4564;83;34.0
4565;83;34.0
4566;84;34.0
4567;84;34.0
4568;84;34.1
4569;84;34.0
4570;84;34.0
4571;84;34.0
4572;84;34.0
4573;85;34.0
4574;84;34.0
4575;84;34.0
4576;85;34.0
4577;85;34.0
4578;86;34.0
4579;86;34.0
4580;87;34.0
4581;87;34.0
4582;87;34.0
4583;88;34.1
4584;87;34.0
4585;87;34.1
4586;87;34.0
4587;87;34.0
4588;87;34.0
4589;88;34.0
4590;88;34.0
4591;88;34.0
4592;89;34.0
4593;88;34.0
4594;88;34.1
4595;88;34.1
4596;87;34.0
4597;86;34.1
4598;86;34.1
4599;85;34.0
4600;85;34.0
4601;85;34.0
4602;85;34.0
4603;86;34.0
4604;86;34.0
4605;86;34.0
4606;86;34.0
4607;86;34.1
4608;86;34.1
4609;86;34.1
4610;86;34.1
4611;85;34.0
4612;85;34.0
4613;85;34.0
4614;85;34.1
4615;84;34.0
4616;84;34.0
4617;83;34.0
4618;83;34.0
4619;83;34.0
4620;83;34.0
4621;83;34.0
4622;82;34.0
4623;82;34.0
4624;82;34.0
4625;82;34.0
4626;82;34.0
4627;82;34.0
4628;82;34.0
4629;82;34.0
4630;82;34.0
4631;82;34.0
4632;83;34.0
4633;83;34.1
4634;82;34.0
4635;83;34.0
4636;83;34.1
4637;83;34.0
4638;83;34.1
4639;83;34.1
4640;83;34.0
4641;83;34.1
4642;83;34.1
4643;83;34.1
4644;83;34.1
4645;83;34.1
4646;84;34.1
4647;83;34.0
4648;84;34.1
4649;84;34.0
4650;84;34.0
4651;84;34.1
4652;84;34.1
4653;83;34.1
4654;83;34.1
4655;83;34.0
4656;83;34.1
4657;83;34.0
4658;83;34.0
4659;83;34.1
4660;82;34.1
4661;82;34.0
4662;82;34.0
4663;82;34.0
4664;82;34.1
4665;83;34.1
4666;83;34.0
4667;83;34.1
4668;84;34.0
4669;86;34.1
4670;88;34.1
4671;91;34.0
4672;97;34.0
4673;102;34.0
4674;108;34.1
4675;113;34.1
4676;120;34.1
4677;122;34.1
4678;126;34.0
4679;130;34.1
4680;128;34.1
4681;127;34.1
4682;126;34.1
4683;124;34.1
4684;122;34.1
4685;120;34.0
4686;118;34.1
4687;117;34.1
4688;115;34.1
4689;114;34.1
4690;111;34.1
4691;110;34.1
4692;108;34.1
4693;105;34.0
4694;103;34.1
4695;101;34.1
4696;99;34.1
4697;96;34.1
4698;94;34.1
4699;93;34.1
4700;91;34.1
4701;89;34.1
4702;88;34.1
4703;87;34.1
4704;87;34.1
4705;87;34.1
4706;86;34.1
4707;86;34.0
4708;86;34.0
4709;86;34.0
4710;86;34.0
4711;86;34.0
4712;85;34.0
4713;85;34.0
4714;85;34.0
4715;84;34.0
4716;84;34.0
4717;84;34.1
4718;84;34.0
4719;84;34.0
4720;85;34.0
4721;84;34.1
4722;85;34.1
4723;84;34.0
4724;84;34.1
4725;83;34.0
4726;83;34.0
4727;83;34.0
4728;84;34.0
4729;85;34.0
4730;85;34.0
4731;85;34.0
4732;85;34.0
4733;85;34.0
4734;84;34.0
4735;84;34.0
4736;84;34.0
4737;83;34.0
4738;83;34.0
4739;81;34.0
4740;81;34.0
4741;81;34.0
4742;81;34.0
4743;81;34.0
4744;80;34.0
4745;79;34.0
4746;79;34.0
4747;79;34.0
4748;78;34.1
4749;78;34.0
4750;78;34.0
4751;78;34.0
4752;78;34.0
4753;77;34.0
4754;77;34.0
4755;76;34.0
4756;76;34.0
4757;76;34.0
4758;76;34.0
4759;76;34.0
4760;75;34.0
4761;75;34.0
4762;76;34.1
4763;75;34.0
4764;75;34.0
4765;75;34.0
4766;75;34.0
4767;75;34.0
4768;75;34.0
4769;75;34.1
4770;75;34.0
4771;75;34.1
4772;76;34.1
4773;76;34.1
4774;76;34.1
4775;76;34.1
4776;75;34.1
4777;75;34.0
4778;75;34.0
4779;76;34.1
4780;76;34.0
4781;76;34.1
4782;76;34.0
4783;76;34.0
4784;76;34.1
4785;76;34.1
4786;76;34.1
4787;75;34.0
4788;75;34.1
4789;75;34.1
4790;74;34.1
4791;74;34.1
4792;73;34.1
4793;73;34.1
4794;73;34.0
4795;72;34.1
4796;72;34.1
4797;72;34.1
4798;72;34.1
4799;72;34.1
4800;72;34.1
4801;73;34.1
4802;73;34.1
4803;73;34.1
4804;74;34.0
4805;74;34.1
4806;74;34.1
4807;74;34.1
4808;75;34.1
4809;74;34.1
4810;74;34.1
4811;74;34.1
4812;74;34.1
4813;73;34.1
4814;73;34.1
4815;73;34.1
4816;73;34.1
4817;73;34.1
4818;73;34.1
4819;73;34.1
4820;73;34.1
4821;73;34.1
4822;73;34.1
4823;73;34.1
4824;72;34.1
4825;72;34.1
4826;72;34.1
4827;72;34.1
4828;71;34.1
4829;71;34.1
4830;71;34.1
4831;71;34.1
4832;72;34.1
4833;73;34.1
4834;73;34.1
4835;74;34.1
4836;74;34.1
4837;75;34.1
4838;75;34.2
4839;82;34.2
4840;82;34.3
4841;82;34.3
4842;82;34.3
4843;82;34.3
4844;83;34.3
4845;83;34.3
4846;83;34.3
4847;76;34.3
4848;76;34.3
4849;76;34.4
4850;76;34.4
4851;76;34.4
4852;76;34.4
4853;76;34.5
4854;76;34.5
4855;77;34.5
4856;77;34.5
4857;77;34.5
4858;76;34.5
4859;77;34.5
4860;77;34.6
4861;77;34.6
4862;77;34.6
4863;77;34.6
4864;77;34.6
4865;77;34.7
4866;77;34.6
4867;85;34.7
4868;85;34.7
4869;85;34.6
4870;85;34.7
4871;85;34.6
4872;85;34.7
4873;85;34.6
4874;84;34.6
4875;77;34.6
4876;76;34.6
4877;76;34.6
4878;76;34.6
4879;76;34.7
4880;77;34.6
4881;77;34.7
4882;76;34.7
4883;77;34.7
4884;77;34.7
4885;77;34.7
4886;77;34.7
4887;77;34.7
4888;76;34.7
4889;77;34.7
4890;77;34.7
4891;77;34.7
4892;77;34.7
4893;79;34.7
4894;80;34.7
4895;80;34.7
4896;80;34.7
4897;81;34.7
4898;82;34.7
4899;82;34.7
4900;59;34.8
4901;59;34.8
4902;57;34.8
4903;59;34.8
4904;59;34.8
4905;56;34.8
4906;60;34.8
4907;62;34.8
4908;81;34.8
4909;81;34.8
4910;60;34.8
4911;61;34.8
4912;61;34.7
4913;63;34.7
4914;62;34.8
4915;64;34.7
4916;66;34.8
4917;72;34.7
4918;87;34.6
4919;88;34.5
4920;88;34.3
4921;60;34.2
4922;57;34.0
4923;46;33.8
4924;47;33.5
4925;65;33.3
4926;86;32.9
4927;86;32.9
4928;81;32.0
4929;107;31.1
4930;107;30.5
4931;99;30.1
4932;99;29.6
4933;72;29.4
4934;53;29.3
4935;53;28.9
4936;77;28.5
4937;104;28.2
4938;108;27.9
4939;130;27.7
4940;128;27.5
4941;136;27.4
4942;144;27.2
4943;140;27.1
4944;127;27.0
4945;103;26.8
4946;96;26.7
4947;96;26.6
4948;94;26.5
4949;93;26.4
4950;91;26.4
4951;90;26.2
4952;111;26.2
4953;110;26.0
4954;127;25.9
4955;122;25.8
4956;124;25.8
4957;120;25.9
4958;123;25.9
4959;123;25.9
4960;99;25.9
4961;99;25.9
4962;83;25.9
4963;83;25.9
4964;82;25.9
4965;81;25.9
4966;80;25.9
4967;80;25.9
4968;79;25.9
4969;78;25.9
4970;77;25.9
4971;77;25.9
4972;77;25.9
4973;77;25.9
4974;76;25.9
4975;76;25.9
4976;75;25.9
4977;75;25.9
4978;74;25.9
4979;74;25.9
4980;74;25.9
4981;73;25.9
4982;72;25.9
4983;72;25.9
4984;72;25.9
4985;71;25.9
4986;70;25.9
4987;70;25.9
4988;69;25.9
4989;69;25.9
4990;70;25.9
4991;69;25.9
4992;68;25.9
4993;69;25.9
4994;69;25.9
4995;69;25.8
4996;69;25.8
4997;70;25.8
4998;69;25.8
4999;70;25.8
5000;70;25.8
5001;70;25.8
5002;70;25.8
5003;70;25.8
5004;70;25.8
5005;70;25.8
5006;70;25.8
5007;70;25.8
5008;70;25.8
5009;70;25.8
5010;70;25.8
5011;71;25.8
5012;71;25.8
5013;71;25.8
5014;72;25.8
5015;79;25.8
5016;81;25.8
5017;81;25.8
5018;76;25.8
5019;74;25.8
5020;74;25.8
5021;75;25.8
5022;53;25.8
5023;42;25.8
5024;38;25.8
5025;32;25.8
5026;29;25.8
5027;19;25.8
5028;915;25.8
5029;113;25.8
5030;166;25.8
5031;144;25.8
5032;124;25.8
5033;124;25.7
5034;124;25.7
5035;81;25.8
5036;73;25.8
5037;63;25.8
5038;36;25.8
5039;31;25.8
5040;25;25.8
5041;25;25.8
5042;25;25.8
5043;34;25.8
5044;34;25.8
5045;0;25.8
5046;0;25.8
5047;0;25.8
5048;0;25.8
5049;0;25.8
5050;0;25.8
5051;0;25.8
5052;0;25.8
5053;0;25.8
5054;0;25.8
5055;0;25.8
5056;0;25.8
5057;0;25.8
5058;0;25.8
5059;0;25.8
5060;0;25.8
5061;0;25.8
5062;0;25.8
5063;0;25.8
5064;0;25.8
5065;0;25.8
5066;0;25.8
5067;0;25.8
5068;0;25.8
5069;0;25.8
5070;0;25.8
5071;0;25.8
5072;0;25.7
5073;0;25.7
5074;0;25.7
5075;0;25.7
5076;0;25.7
5077;0;25.7
5078;0;25.7
5079;0;25.7
5080;0;25.7
5081;0;25.7
5082;0;25.7
5083;0;25.7
5084;0;25.7
5085;0;25.7
5086;0;25.7
5087;0;25.7
5088;0;25.7
5089;0;25.7
5090;0;25.7
5091;0;25.7
5092;0;25.7
5093;0;25.7
5094;0;25.7
5095;0;25.7
5096;0;25.7
5097;0;25.7
5098;0;25.7
5099;0;25.7
5100;0;25.7
5101;0;25.7
5102;0;25.7
5103;0;25.7
5104;0;25.7
5105;0;25.7
5106;0;25.7
5107;0;25.7
5108;0;25.7
5109;0;25.7
5110;0;25.7
5111;0;25.7
5112;0;25.7
5113;0;25.7
5114;0;25.7
5115;0;25.7
5116;0;25.7
5117;0;25.8
5118;0;25.8
5119;0;25.8
5120;0;25.8
5121;0;25.9
5122;0;25.9
5123;22;25.9
5124;22;25.9
5125;22;25.9
5126;22;25.9
5127;22;25.9
5128;22;25.9
5129;22;25.8
5130;22;25.9
5131;0;25.9
5132;0;25.8
5133;0;25.8
5134;0;25.8
5135;0;25.8
5136;0;25.8
5137;0;25.9
5138;0;25.9
5139;16;25.9
5140;16;25.9
5141;16;25.9
5142;16;25.9
5143;16;25.9
5144;16;25.9
5145;16;25.9
5146;16;25.9
5147;0;25.9
5148;0;25.9
5149;0;25.9
5150;0;25.9
5151;0;25.9
5152;0;25.9
5153;0;25.9
5154;0;25.9
5155;0;25.9
5156;0;25.9
5157;0;25.9
5158;0;25.9
5159;0;25.9
5160;142;25.9
5161;117;25.9
5162;108;25.9
5163;108;25.9
5164;108;25.9
5165;108;25.9
5166;49;25.9
5167;49;25.9
5168;43;25.9
5169;38;25.9
5170;30;25.9
5171;32;25.9
5172;32;25.9
5173;32;25.9
5174;37;25.9
5175;23;25.9
5176;23;25.9
5177;25;25.9
5178;25;25.9
5179;20;26.0
5180;20;25.9
5181;20;25.5
5182;20;25.4
5183;34;25.4
5184;34;25.3
5185;0;25.2
5186;0;25.1
5187;0;25.0
5188;0;25.0
5189;0;24.9
5190;0;25.0
5191;0;24.9
5192;0;24.8
5193;0;24.8
5194;0;24.7
5195;0;24.6
5196;0;24.6
5197;0;24.4
5198;0;24.4
5199;0;24.4
5200;0;24.4
5201;0;24.4
5202;0;24.5
5203;0;24.4
5204;0;24.4
5205;0;24.5
5206;0;24.5
5207;0;24.6
5208;0;24.8
5209;0;24.7
5210;0;24.6
5211;0;24.5
5212;0;24.5
5213;0;24.5
5214;0;24.5
5215;0;24.5
5216;0;24.5
5217;0;24.5
5218;0;24.5
5219;0;24.5
5220;0;24.5
5221;0;24.5
5222;0;24.5
5223;0;24.5
5224;0;24.5
5225;0;24.5
5226;0;24.5
5227;0;24.5
5228;0;24.5
5229;0;24.4
5230;0;24.5
5231;21;24.5
5232;21;24.4
5233;21;24.4
5234;21;24.4
5235;21;24.4
5236;21;24.4
5237;21;24.4
5238;21;24.4
5239;21;24.4
5240;21;24.4
5241;21;24.4
5242;21;24.4
5243;0;24.4
5244;0;24.4
5245;0;24.4
5246;0;24.4
5247;0;24.4
5248;0;24.4
5249;0;24.4
5250;0;24.4
5251;0;24.4
5252;0;24.4
5253;0;24.4
5254;0;24.4
5255;0;24.4
5256;0;24.4
5257;0;24.4
5258;0;24.4
5259;0;24.4
5260;0;24.4
5261;0;24.4
5262;0;24.5
5263;0;24.5
5264;0;24.5
5265;0;24.6
5266;0;24.6
5267;0;24.6
5268;0;24.6
5269;0;24.6
5270;0;24.7
5271;0;24.7
5272;0;24.7
5273;0;24.8
5274;0;24.8
5275;0;24.8
5276;0;24.8
5277;0;24.9
5278;0;24.8
5279;40;24.7
5280;40;24.6
5281;40;24.6
5282;40;24.6
5283;40;24.7
5284;40;24.7
5285;40;24.7
5286;40;24.8
5287;0;24.8
5288;0;24.8
5289;0;24.8
5290;0;24.8
5291;0;24.8
5292;0;24.8
5293;0;24.8
5294;0;24.8
5295;0;24.8
5296;0;24.8
5297;0;24.8
5298;0;24.8
5299;0;24.8
5300;0;24.8
5301;0;24.8
5302;0;24.8
5303;0;24.8
5304;0;24.8
5305;0;24.8
5306;0;24.8
5307;0;24.8
5308;0;24.8
5309;0;24.8
5310;0;24.8
5311;0;24.8
5312;0;24.7
5313;0;24.7
5314;0;24.7
5315;0;24.7
5316;0;24.7
5317;0;24.7
5318;0;24.7
5319;0;24.7
5320;0;24.7
5321;0;24.7
5322;0;24.7
5323;0;24.7
5324;0;24.7
5325;0;24.7
5326;0;24.7
5327;0;24.7
5328;0;24.7
5329;0;24.7
5330;0;24.7
5331;0;24.7
5332;0;24.7
5333;0;24.7
5334;0;24.7
5335;0;24.7
5336;0;24.7
5337;0;24.7
5338;0;24.6
5339;33;24.6
5340;33;24.6
5341;33;24.6
5342;33;24.6
5343;23;24.6
5344;23;24.6
5345;23;24.6
5346;23;24.6
5347;23;24.6
5348;18;24.6
5349;18;24.6
5350;18;24.6
5351;0;24.6
5352;0;24.6
5353;0;24.6
5354;0;24.6
5355;0;24.6
5356;0;24.6
5357;0;24.6
5358;0;24.6
5359;0;24.6
5360;0;24.6
5361;0;24.5
5362;0;24.5
5363;0;24.5
5364;14;24.5
5365;14;24.5
5366;31;24.6
5367;31;24.5
5368;31;24.5
5369;31;24.5
5370;31;24.5
5371;31;24.5
5372;0;24.5
5373;0;24.5
5374;0;24.5
5375;0;24.5
5376;0;24.5
5377;0;24.5
5378;0;24.5
5379;0;24.5
5380;0;24.5
5381;0;24.5
5382;0;24.5
5383;0;24.5
5384;0;24.5
5385;0;24.5
5386;0;24.6
5387;0;24.5
5388;0;24.5
5389;0;24.5
5390;0;24.5
5391;0;24.5
5392;0;24.5
5393;0;24.5
5394;0;24.5
5395;0;24.5
5396;0;24.5
5397;0;24.5
5398;0;24.5
5399;0;24.5
5400;0;24.5
5401;0;24.5
5402;0;24.5
5403;0;24.5
5404;0;24.5
5405;0;24.5
5406;0;24.5
5407;0;24.5
5408;0;24.5
5409;0;24.5
5410;0;24.5
5411;0;24.5
5412;0;24.5
5413;0;24.5
5414;0;24.5
5415;0;24.5
5416;0;24.5
5417;0;24.5
5418;0;24.5
5419;0;24.5
5420;0;24.5
5421;0;24.5
5422;0;24.5
5423;0;24.5
5424;0;24.5
5425;0;24.5
5426;0;24.5
5427;0;24.5
5428;0;24.5
5429;0;24.5
5430;0;24.5
5431;0;24.5
5432;0;24.5
5433;0;24.5
5434;15;24.5
5435;15;24.4
5436;15;24.5
5437;15;24.5
5438;15;24.5
5439;15;24.5
5440;15;24.5
5441;15;24.5
5442;15;24.5
5443;0;24.5
5444;0;24.5
5445;0;24.5
5446;0;24.4
5447;0;24.4
5448;0;24.4
5449;0;24.4
5450;0;24.4
5451;0;24.5
5452;0;24.5
5453;0;24.4
5454;0;24.5
5455;0;24.4
5456;0;24.5
5457;0;24.5
5458;0;24.4
5459;0;24.4
5460;0;24.4
5461;0;24.4
5462;0;24.4
5463;0;24.4
5464;0;24.4
5465;0;24.5
5466;0;24.5
5467;0;24.5
5468;0;24.4
5469;0;24.4
5470;0;24.4
5471;0;24.4
5472;0;24.4
5473;0;24.4
5474;0;24.5
5475;0;24.4
5476;0;24.5
5477;0;24.5
5478;0;24.4
5479;0;24.5
5480;0;24.5
5481;0;24.4
5482;0;24.4
5483;0;24.5
5484;0;24.4
5485;0;24.4
5486;0;24.4
5487;0;24.5
5488;0;24.5
5489;0;24.4
5490;0;24.4
5491;0;24.4
5492;0;24.4
5493;0;24.4
5494;0;24.4
5495;0;24.4
5496;0;24.4
5497;0;24.4
5498;0;24.4
5499;0;24.4
5500;0;24.4
5501;0;24.4
5502;0;24.4
5503;0;24.4
5504;0;24.4
5505;0;24.4
5506;0;24.4
5507;0;24.5
5508;0;24.4
5509;0;24.5
5510;0;24.4
5511;0;24.4
5512;0;24.5
5513;17;24.4
5514;17;24.4
5515;17;24.4
5516;17;24.4
5517;17;24.5
5518;17;24.4
5519;17;24.4
5520;17;24.4
5521;0;24.4
5522;0;24.4
5523;0;24.4
5524;0;24.4
5525;0;24.4
5526;0;24.4
5527;0;24.4
5528;0;24.4
5529;0;24.5
5530;0;24.4
5531;0;24.4
5532;0;24.4
5533;0;24.4
5534;0;24.4
5535;0;24.4
5536;0;24.4
5537;0;24.4
5538;0;24.4
5539;0;24.4
5540;0;24.4
5541;0;24.4
5542;0;24.4
5543;0;24.4
5544;0;24.4
5545;0;24.4
5546;0;24.4
5547;0;24.4
5548;0;24.5
5549;0;24.5
5550;0;24.4
5551;0;24.5
5552;0;24.4
5553;0;24.5
5554;23;24.4
5555;23;24.4
5556;28;24.4
5557;28;24.4
5558;28;24.4
5559;28;24.4
5560;28;24.4
5561;28;24.5
5562;36;24.5
5563;36;24.4
5564;0;24.5
5565;0;24.5
5566;0;24.4
5567;0;24.4
5568;0;24.4
5569;0;24.4
5570;0;24.4
5571;0;24.4
5572;0;24.4
5573;14;24.5
5574;14;24.5
5575;14;24.4
5576;14;24.4
5577;14;24.4
5578;14;24.4
5579;14;24.4
5580;14;24.4
5581;0;24.4
5582;0;24.4
5583;0;24.4
5584;0;24.4
5585;0;24.4
5586;0;24.4
5587;0;24.4
5588;0;24.4
5589;0;24.4
5590;0;24.4
5591;0;24.4
5592;0;24.4
5593;0;24.4
5594;0;24.4
5595;0;24.4
5596;0;24.4
5597;0;24.4
5598;0;24.4
5599;0;24.4
5600;0;24.4
5601;0;24.4
5602;0;24.4
5603;0;24.5
5604;0;24.6
5605;0;24.6
5606;0;24.6
5607;0;24.8
5608;0;24.9
5609;0;24.9
5610;0;25.0
5611;0;25.1
5612;0;25.2
5613;0;25.3
5614;0;25.4
5615;0;25.6
5616;0;25.7
5617;0;25.8
5618;0;25.9
5619;0;26.3
5620;0;26.6
5621;0;26.7
5622;0;26.8
5623;0;26.7
5624;0;26.7
5625;0;26.6
5626;0;26.5
5627;0;26.5
5628;0;26.4
5629;0;26.4
5630;0;26.3
5631;0;26.2
5632;0;26.2
5633;0;26.2
5634;0;26.1
5635;0;26.1
5636;0;26.0
5637;0;26.0
5638;0;25.9
5639;23;25.9
5640;23;25.9
5641;23;25.9
5642;23;25.8
5643;23;25.8
5644;23;25.8
5645;0;25.8
5646;0;25.7
5647;0;25.7
5648;0;25.7
5649;0;25.7
5650;0;25.7
5651;0;25.6
5652;0;25.6
5653;0;25.6
5654;0;25.6
5655;0;25.6
5656;0;25.6
5657;0;25.5
5658;0;25.5
5659;17;25.5
5660;17;25.5
5661;17;25.4
5662;41;25.5
5663;44;25.4
5664;44;25.4
5665;44;25.4
5666;54;25.4
5667;54;25.4
5668;72;25.4
5669;72;25.4
5670;72;25.4
5671;72;25.4
5672;71;25.4
5673;71;25.4
5674;86;25.4
5675;86;25.4
5676;39;25.4
5677;39;25.4
5678;33;25.4
5679;33;25.4
5680;16;25.4
5681;16;25.4
5682;0;25.3
5683;0;25.4
5684;0;25.4
5685;0;25.4
5686;0;25.4
5687;0;25.3
5688;0;25.3
5689;0;25.3
5690;0;25.3
5691;0;25.3
5692;0;25.3
5693;18;25.3
5694;39;25.3
5695;54;25.3
5696;54;25.3
5697;71;25.2
5698;71;25.2
5699;82;25.2
5700;82;25.2
5701;107;25.1
5702;107;25.1
5703;99;25.2
5704;99;25.2
5705;87;25.3
5706;87;25.3
5707;100;25.3
5708;100;25.4
5709;153;25.4
5710;153;25.4
5711;157;25.4
5712;157;25.7
5713;188;26.0
5714;188;26.4
5715;135;26.9
5716;135;27.2
5717;56;27.7
5718;56;28.0
5719;39;28.5
5720;39;28.7
5721;0;29.2
5722;0;29.4
5723;26;29.7
5724;40;29.9
5725;48;30.2
5726;48;30.4
5727;48;30.6
5728;48;30.8
5729;48;30.9
5730;0;31.1
5731;0;31.2
5732;0;31.3
5733;0;31.5
5734;38;31.5
5735;38;31.6
5736;37;31.8
5737;37;31.8
5738;44;32.0
5739;44;32.1
5740;52;32.2
5741;52;32.3
5742;62;32.4
5743;62;32.5
5744;78;32.5
5745;78;32.6
5746;80;32.7
5747;80;32.7
5748;81;32.8
5749;82;32.8
5750;82;32.9
5751;83;32.9
5752;84;32.9
5753;84;32.9
5754;84;32.9
5755;84;32.9
5756;84;32.9
5757;83;32.9
5758;83;33.0
5759;82;33.1
5760;82;33.1
5761;81;33.2
5762;81;33.2
5763;80;33.2
5764;80;33.2
5765;79;33.2
5766;79;33.3
5767;79;33.3
5768;79;33.4
5769;81;33.4
5770;81;33.4
5771;82;33.4
5772;82;33.4
5773;83;33.4
5774;83;33.4
5775;87;33.4
5776;87;33.3
5777;82;33.4
5778;82;33.3
5779;81;33.3
5780;81;33.4
5781;81;33.4
5782;81;33.4
5783;76;33.4
5784;81;33.4
5785;81;33.4
5786;81;33.4
5787;80;33.4
5788;80;33.4
5789;81;33.4
5790;80;33.4
5791;82;33.4
5792;82;33.4
5793;82;33.4
5794;82;33.4
5795;82;33.4
5796;83;33.4
5797;83;33.4
5798;83;33.5
5799;83;33.5
5800;82;33.5
5801;82;33.5
5802;83;33.5
5803;83;33.5
5804;83;33.5
5805;83;33.5
5806;85;33.6
5807;85;33.6
5808;86;33.6
5809;86;33.6
5810;86;33.6
5811;87;33.6
5812;88;33.6
5813;88;33.6
5814;88;33.6
5815;88;33.6
5816;88;33.6
5817;88;33.6
5818;88;33.6
5819;88;33.6
5820;88;33.6
5821;88;33.6
5822;88;33.6
5823;89;33.6
5824;89;33.7
5825;90;33.7
5826;90;33.7
5827;90;33.7
5828;90;33.8
5829;90;33.8
5830;90;33.8
5831;90;33.8
5832;90;33.8
5833;90;33.8
5834;90;33.8
5835;92;33.8
5836;92;33.8
5837;93;33.8
5838;93;33.8
5839;94;33.8
5840;94;33.8
5841;93;33.8
5842;92;33.8
5843;92;33.8
5844;92;33.8
5845;92;33.8
5846;91;33.8
5847;91;33.8
5848;91;33.8
5849;91;33.8
5850;92;33.7
5851;91;33.7
5852;91;33.7
5853;91;33.7
5854;91;33.7
5855;91;33.7
5856;92;33.6
5857;92;33.6
5858;95;33.6
5859;95;33.6
5860;102;33.6
5861;102;33.6
5862;109;33.6
5863;109;33.6
5864;117;33.6
5865;117;33.6
5866;125;33.7
5867;125;33.7
5868;135;33.7
5869;127;33.7
5870;121;33.7
5871;129;33.7
5872;138;33.7
5873;145;33.8
5874;150;33.7
5875;154;33.8
5876;161;33.7
5877;176;33.7
5878;189;33.7
5879;187;33.7
5880;185;33.6
5881;187;33.6
5882;190;33.6
5883;193;33.5
5884;193;33.4
5885;195;33.4
5886;196;33.3
5887;198;33.2
5888;198;33.2
5889;201;33.2
5890;201;33.2
5891;200;33.2
5892;200;33.1
5893;203;33.0
5894;203;33.0
5895;205;33.0
5896;205;33.0
5897;206;33.1
5898;206;33.1
5899;207;33.1
5900;207;33.1
5901;206;33.2
5902;208;33.2
5903;209;33.2
5904;213;33.2
5905;214;33.2
5906;214;33.2
5907;214;33.2
5908;212;33.2
5909;212;33.3
5910;211;33.3
5911;216;33.3
5912;217;33.4
5913;216;33.4
5914;194;33.4
5915;179;33.4
5916;174;33.4
5917;179;33.4
5918;179;33.5
5919;174;33.5
5920;169;33.5
5921;169;33.5
5922;186;33.5
5923;186;33.6
5924;205;33.6
5925;205;33.6
5926;200;33.6
5927;200;33.6
5928;198;33.6
5929;198;33.6
5930;203;33.6
5931;203;33.6
5932;203;33.6
5933;202;33.6
5934;202;33.6
5935;199;33.6
5936;198;33.6
5937;198;33.6
5938;166;33.6
5939;136;33.6
5940;128;33.6
5941;99;33.6
5942;76;33.6
5943;60;33.6
5944;39;33.6
5945;39;33.6
5946;36;33.6
5947;37;33.7
5948;52;33.7
5949;64;33.7
5950;82;33.7
5951;89;33.8
5952;89;33.8
5953;89;33.8
5954;89;33.8
5955;121;33.8
5956;121;33.8
5957;115;33.8
5958;106;33.8
5959;109;33.8
5960;117;33.8
5961;142;33.8
5962;130;33.8
5963;122;33.8
5964;119;33.8
5965;117;33.8
5966;121;33.8
5967;65;33.8
5968;47;33.8
5969;34;33.9
5970;32;33.9
5971;25;33.9
5972;19;33.9
5973;19;34.0
5974;21;34.0
5975;35;34.0
5976;43;34.0
5977;51;34.0
5978;58;34.0
5979;68;34.0
5980;109;34.0
5981;111;34.0
5982;135;34.0
5983;115;34.0
5984;117;34.1
5985;117;34.0
5986;91;34.0
5987;91;34.1
5988;62;34.0
5989;53;34.0
5990;48;34.0
5991;34;34.0
5992;34;34.1
5993;35;34.1
5994;35;34.1
5995;0;34.1
5996;125;34.1
5997;146;34.1
5998;157;34.1
5999;165;34.1
6000;162;34.1
6001;158;34.1
6002;155;34.1
6003;152;34.1
6004;152;34.1
6005;150;34.1
6006;145;34.1
6007;141;34.1
6008;147;34.2
6009;148;34.2
6010;116;34.2
6011;114;34.2
6012;92;34.2
6013;83;34.3
6014;76;34.3
6015;56;34.3
6016;56;34.2
6017;43;34.2
6018;43;34.2
6019;34;34.3
6020;35;34.3
6021;22;34.3
6022;34;34.3
6023;50;34.3
6024;64;34.3
6025;75;34.3
6026;89;34.3
6027;136;34.3
6028;141;34.3
6029;181;34.3
6030;182;34.3
6031;182;34.3
6032;182;34.3
6033;181;34.3
6034;179;34.3
6035;179;34.3
6036;177;34.3
6037;179;34.3
6038;161;34.3
6039;160;34.3
6040;157;34.3
6041;106;34.3
6042;90;34.3
6043;67;34.3
6044;56;34.3
6045;33;34.3
6046;23;34.3
6047;23;34.4
6048;23;34.4
6049;22;34.4
6050;33;34.5
6051;48;34.4
6052;61;34.5
6053;72;34.5
6054;104;34.5
6055;111;34.5
6056;118;34.5
6057;164;34.5
6058;164;34.5
6059;163;34.5
6060;162;34.5
6061;160;34.5
6062;162;34.5
6063;162;34.5
6064;128;34.5
6065;122;34.5
6066;90;34.5
6067;91;34.5
6068;96;34.5
6069;96;34.5
6070;99;34.5
6071;103;34.5
6072;125;34.5
6073;111;34.5
6074;126;34.5
6075;121;34.5
6076;111;34.5
6077;108;34.5
6078;101;34.5
6079;98;34.5
6080;98;34.5
6081;115;34.5
6082;130;34.5
6083;130;34.5
6084;135;34.5
6085;137;34.5
6086;139;34.5
6087;147;34.5
6088;148;34.5
6089;147;34.5
6090;148;34.5
6091;152;34.5
6092;148;34.5
6093;149;34.5
6094;143;34.5
6095;118;34.5
6096;108;34.6
6097;94;34.6
6098;91;34.7
6099;73;34.7
6100;75;34.7
6101;77;34.7
6102;82;34.7
6103;96;34.7
6104;109;34.8
6105;123;34.8
6106;119;34.8
6107;141;34.8
6108;147;34.8
6109;150;34.8
6110;152;34.8
6111;153;34.8
6112;150;34.9
6113;149;34.9
6114;144;34.9
6115;139;34.9
6116;131;35.0
6117;126;35.0
6118;128;35.0
6119;130;35.0
6120;134;35.0
6121;132;34.9
6122;135;34.9
6123;144;34.8
6124;150;34.8
6125;153;34.8
6126;154;34.8
6127;149;34.8
6128;148;34.8
6129;155;34.8
6130;110;34.8
6131;83;34.8
6132;70;34.8
6133;54;34.8
6134;36;34.8
6135;29;34.8
6136;39;34.8
6137;51;34.8
6138;68;34.8
6139;85;34.8
6140;93;34.8
6141;110;34.8
6142;113;34.9
6143;138;34.9
6144;139;34.9
6145;138;34.9
6146;138;34.9
6147;137;34.9
6148;136;34.8
6149;133;34.8
6150;130;34.8
6151;131;34.8
6152;133;34.8
6153;129;34.8
6154;130;34.8
6155;129;34.8
6156;134;34.8
6157;141;34.8
6158;149;34.7
6159;154;34.7
6160;158;34.7
6161;157;34.7
6162;160;34.7
6163;128;34.7
6164;121;34.6
6165;92;34.6
6166;70;34.7
6167;54;34.7
6168;38;34.7
6169;43;34.6
6170;56;34.6
6171;71;34.6
6172;78;34.6
6173;91;34.6
6174;108;34.6
6175;0;0.0
