"Source File";"240424E\Trend1.trd";"Date";"04/24/24";"Output";"D:\RespirationData\240424E.txt";"Start";"19:15:19";"Stop";"20:31:43"
"Saba_20241023"
"Time";"Resp Rate";"Temp 1"
"Seconds";"Resp/m";"°C"
1;96;31.5
2;99;31.4
3;99;31.3
4;77;31.3
5;77;31.2
6;76;31.1
7;112;31.1
8;108;31.1
9;114;31.0
10;124;31.0
11;134;30.9
12;174;30.9
13;176;30.8
14;202;30.8
15;196;30.8
16;191;30.8
17;185;30.8
18;180;30.7
19;172;30.7
20;168;30.7
21;161;30.7
22;154;30.7
23;148;30.7
24;140;30.7
25;133;30.6
26;128;30.6
27;121;30.7
28;117;30.7
29;113;30.7
30;108;30.6
31;105;30.7
32;100;30.6
33;97;30.6
34;93;30.7
35;91;30.6
36;85;30.6
37;78;30.6
38;75;30.6
39;58;30.6
40;52;30.6
41;48;30.6
42;44;30.6
43;38;30.6
44;0;30.6
45;43;30.6
46;43;30.6
47;42;30.6
48;42;30.6
49;42;30.6
50;37;30.6
51;37;30.6
52;39;30.6
53;40;30.6
54;42;30.6
55;44;30.6
56;45;30.6
57;45;30.6
58;52;30.6
59;52;30.6
60;51;30.6
61;51;30.6
62;51;30.6
63;51;30.6
64;52;30.6
65;54;30.6
66;55;30.6
67;55;30.6
68;58;30.5
69;60;30.5
70;61;30.5
71;61;30.5
72;60;30.5
73;59;30.4
74;59;30.4
75;58;30.4
76;58;30.4
77;59;30.4
78;60;30.4
79;60;30.4
80;63;30.4
81;62;30.4
82;64;30.4
83;66;30.3
84;67;30.3
85;66;30.3
86;66;30.3
87;66;30.3
88;65;30.3
89;65;30.3
90;57;30.2
91;56;30.2
92;54;30.2
93;49;30.2
94;47;30.2
95;40;30.2
96;0;30.2
97;66;30.2
98;68;30.1
99;67;30.1
100;68;30.1
101;69;30.1
102;69;30.1
103;69;30.1
104;69;30.1
105;69;30.1
106;69;30.1
107;70;30.1
108;70;30.1
109;70;30.1
110;70;30.1
111;70;30.1
112;71;30.1
113;73;30.1
114;72;30.1
115;71;30.1
116;70;30.1
117;69;30.1
118;70;30.1
119;69;30.1
120;69;30.1
121;69;30.1
122;71;30.1
123;72;30.1
124;74;30.1
125;74;30.1
126;75;30.1
127;76;30.1
128;77;30.1
129;79;30.1
130;77;30.1
131;77;30.1
132;78;30.1
133;78;30.1
134;78;30.1
135;79;30.1
136;78;30.1
137;78;30.1
138;79;30.1
139;80;30.1
140;79;30.1
141;80;30.1
142;81;30.1
143;82;30.1
144;82;30.1
145;82;30.1
146;82;30.1
147;82;30.1
148;83;30.0
149;82;30.0
150;83;30.0
151;82;30.0
152;83;30.0
153;83;30.0
154;83;30.0
155;84;30.0
156;85;30.0
157;85;30.0
158;85;30.0
159;85;30.0
160;85;30.0
161;85;29.9
162;86;29.9
163;86;29.9
164;85;29.9
165;85;29.9
166;86;29.9
167;85;29.9
168;85;29.9
169;86;29.9
170;86;29.9
171;86;29.9
172;86;29.9
173;86;29.9
174;86;29.9
175;86;29.9
176;86;29.9
177;86;29.9
178;86;29.9
179;86;29.9
180;86;29.8
181;86;29.8
182;87;29.8
183;87;29.8
184;87;29.8
185;88;29.8
186;88;29.8
187;89;29.8
188;89;29.8
189;90;29.8
190;90;29.8
191;91;29.8
192;91;29.8
193;91;29.8
194;91;29.8
195;90;29.7
196;90;29.7
197;89;29.7
198;88;29.7
199;87;29.7
200;88;29.7
201;88;29.7
202;88;29.7
203;88;29.7
204;87;29.7
205;88;29.6
206;87;29.6
207;88;29.6
208;86;29.6
209;86;29.6
210;86;29.6
211;86;29.6
212;87;29.6
213;87;29.6
214;87;29.6
215;87;29.6
216;87;29.6
217;87;29.6
218;87;29.6
219;87;29.6
220;86;29.6
221;86;29.6
222;86;29.6
223;85;29.6
224;86;29.6
225;85;29.6
226;85;29.6
227;84;29.6
228;85;29.6
229;85;29.6
230;85;29.6
231;86;29.6
232;85;29.6
233;85;29.6
234;85;29.6
235;85;29.6
236;85;29.6
237;84;29.6
238;84;29.6
239;83;29.6
240;83;29.6
241;83;29.6
242;82;29.6
243;82;29.6
244;81;29.5
245;80;29.5
246;80;29.6
247;80;29.5
248;79;29.5
249;79;29.5
250;79;29.5
251;79;29.5
252;79;29.5
253;79;29.5
254;79;29.5
255;79;29.5
256;78;29.5
257;78;29.5
258;78;29.5
259;78;29.5
260;78;29.5
261;77;29.5
262;77;29.5
263;76;29.5
264;76;29.4
265;77;29.5
266;76;29.5
267;76;29.4
268;76;29.4
269;76;29.4
270;69;29.4
271;68;29.4
272;67;29.4
273;66;29.4
274;65;29.4
275;65;29.4
276;65;29.4
277;64;29.4
278;71;29.4
279;70;29.4
280;71;29.4
281;70;29.4
282;69;29.4
283;69;29.4
284;69;29.4
285;69;29.4
286;68;29.4
287;69;29.4
288;69;29.4
289;70;29.4
290;69;29.4
291;69;29.4
292;69;29.4
293;61;29.4
294;61;29.4
295;61;29.4
296;60;29.4
297;59;29.4
298;59;29.4
299;59;29.4
300;60;29.4
301;67;29.4
302;66;29.4
303;66;29.4
304;66;29.4
305;65;29.4
306;65;29.4
307;65;29.4
308;65;29.4
309;64;29.4
310;65;29.4
311;64;29.4
312;65;29.4
313;66;29.4
314;67;29.4
315;67;29.4
316;67;29.4
317;68;29.4
318;68;29.4
319;69;29.4
320;68;29.4
321;68;29.4
322;67;29.4
323;66;29.4
324;66;29.4
325;66;29.4
326;65;29.4
327;65;29.4
328;64;29.4
329;64;29.4
330;65;29.4
331;65;29.4
332;65;29.4
333;65;29.4
334;65;29.4
335;66;29.4
336;67;29.4
337;67;29.4
338;67;29.4
339;67;29.4
340;68;29.4
341;68;29.4
342;68;29.4
343;69;29.4
344;69;29.4
345;69;29.4
346;69;29.4
347;70;29.4
348;70;29.4
349;70;29.4
350;71;29.4
351;71;29.4
352;71;29.4
353;72;29.4
354;73;29.4
355;72;29.4
356;72;29.4
357;73;29.4
358;74;29.4
359;73;29.4
360;74;29.4
361;74;29.4
362;74;29.4
363;75;29.4
364;75;29.4
365;75;29.4
366;74;29.4
367;74;29.4
368;74;29.4
369;75;29.4
370;75;29.4
371;74;29.4
372;74;29.4
373;73;29.4
374;74;29.4
375;74;29.4
376;73;29.4
377;73;29.4
378;73;29.4
379;73;29.4
380;74;29.4
381;74;29.4
382;74;29.4
383;75;29.4
384;75;29.4
385;74;29.4
386;74;29.4
387;74;29.4
388;74;29.4
389;74;29.4
390;74;29.4
391;74;29.4
392;75;29.4
393;75;29.4
394;76;29.4
395;77;29.4
396;76;29.4
397;77;29.4
398;77;29.4
399;77;29.4
400;77;29.4
401;77;29.4
402;76;29.4
403;76;29.4
404;76;29.4
405;76;29.4
406;76;29.4
407;75;29.4
408;76;29.4
409;76;29.4
410;77;29.4
411;77;29.4
412;77;29.4
413;77;29.4
414;77;29.4
415;76;29.4
416;75;29.4
417;75;29.4
418;75;29.4
419;75;29.4
420;75;29.4
421;74;29.4
422;74;29.4
423;75;29.4
424;75;29.4
425;74;29.4
426;74;29.4
427;73;29.4
428;73;29.4
429;73;29.4
430;73;29.4
431;73;29.4
432;73;29.4
433;73;29.4
434;74;29.4
435;73;29.4
436;74;29.4
437;74;29.4
438;74;29.4
439;74;29.4
440;74;29.4
441;73;29.4
442;73;29.4
443;73;29.4
444;73;29.4
445;72;29.4
446;71;29.4
447;71;29.4
448;71;29.4
449;71;29.4
450;71;29.5
451;71;29.5
452;71;29.5
453;72;29.5
454;75;29.5
455;72;29.5
456;72;29.5
457;73;29.5
458;73;29.5
459;73;29.5
460;73;29.5
461;72;29.5
462;70;29.5
463;72;29.5
464;71;29.5
465;70;29.5
466;71;29.5
467;71;29.5
468;71;29.5
469;71;29.5
470;71;29.5
471;71;29.5
472;65;29.5
473;65;29.6
474;64;29.5
475;64;29.6
476;66;29.6
477;65;29.6
478;65;29.6
479;66;29.6
480;73;29.6
481;72;29.6
482;72;29.6
483;72;29.6
484;71;29.6
485;71;29.6
486;71;29.6
487;70;29.6
488;70;29.6
489;70;29.6
490;70;29.6
491;71;29.6
492;72;29.6
493;72;29.6
494;72;29.6
495;73;29.6
496;73;29.6
497;73;29.6
498;73;29.6
499;73;29.6
500;73;29.6
501;73;29.6
502;73;29.6
503;73;29.6
504;73;29.6
505;74;29.6
506;74;29.6
507;74;29.6
508;75;29.6
509;74;29.6
510;75;29.6
511;75;29.6
512;75;29.6
513;75;29.6
514;75;29.6
515;75;29.6
516;75;29.6
517;75;29.6
518;76;29.6
519;76;29.6
520;77;29.6
521;77;29.6
522;78;29.6
523;78;29.6
524;79;29.6
525;79;29.6
526;79;29.7
527;78;29.7
528;78;29.6
529;78;29.6
530;79;29.6
531;79;29.6
532;79;29.7
533;81;29.7
534;81;29.7
535;82;29.7
536;82;29.7
537;82;29.7
538;81;29.7
539;81;29.7
540;81;29.7
541;80;29.7
542;80;29.7
543;80;29.7
544;80;29.7
545;80;29.7
546;79;29.7
547;79;29.7
548;79;29.8
549;79;29.7
550;80;29.8
551;79;29.8
552;79;29.8
553;79;29.8
554;80;29.8
555;80;29.8
556;80;29.8
557;79;29.8
558;80;29.8
559;80;29.8
560;81;29.8
561;82;29.8
562;82;29.8
563;83;29.8
564;84;29.8
565;84;29.8
566;84;29.8
567;84;29.8
568;83;29.8
569;83;29.8
570;83;29.8
571;83;29.8
572;83;29.8
573;84;29.8
574;84;29.8
575;83;29.8
576;84;29.8
577;83;29.9
578;83;29.9
579;83;29.9
580;84;29.9
581;84;29.9
582;84;29.9
583;85;29.9
584;85;29.9
585;84;29.9
586;84;29.9
587;84;29.9
588;83;29.9
589;83;29.9
590;83;29.9
591;83;29.9
592;83;29.9
593;83;29.9
594;84;29.9
595;84;29.9
596;84;29.9
597;84;29.9
598;84;29.9
599;85;29.9
600;85;29.9
601;86;29.9
602;85;29.9
603;85;29.9
604;85;29.9
605;84;29.9
606;84;29.9
607;84;29.9
608;83;29.9
609;83;29.9
610;83;29.9
611;83;29.9
612;84;29.9
613;84;30.0
614;84;30.0
615;85;30.0
616;85;30.0
617;85;30.0
618;85;30.0
619;85;30.0
620;85;30.0
621;85;30.0
622;85;30.0
623;85;30.0
624;86;30.0
625;85;30.0
626;85;30.0
627;84;30.0
628;83;30.0
629;84;30.0
630;83;30.0
631;83;30.0
632;83;30.0
633;84;30.0
634;84;30.0
635;84;30.0
636;85;30.0
637;84;30.0
638;84;30.0
639;84;30.1
640;83;30.0
641;83;30.1
642;83;30.1
643;82;30.0
644;82;30.1
645;82;30.1
646;82;30.1
647;83;30.1
648;83;30.1
649;83;30.1
650;83;30.1
651;84;30.1
652;84;30.1
653;84;30.1
654;84;30.1
655;83;30.1
656;83;30.1
657;83;30.1
658;83;30.1
659;83;30.1
660;84;30.1
661;84;30.1
662;85;30.1
663;86;30.1
664;86;30.1
665;87;30.1
666;87;30.1
667;88;30.1
668;88;30.1
669;89;30.1
670;90;30.1
671;91;30.1
672;92;30.1
673;92;30.1
674;92;30.1
675;92;30.1
676;92;30.1
677;93;30.1
678;91;30.1
679;91;30.1
680;91;30.1
681;91;30.1
682;92;30.1
683;92;30.2
684;92;30.1
685;91;30.2
686;92;30.1
687;91;30.1
688;91;30.1
689;91;30.2
690;91;30.1
691;90;30.2
692;90;30.1
693;90;30.2
694;90;30.2
695;90;30.2
696;89;30.2
697;88;30.2
698;88;30.2
699;87;30.2
700;87;30.2
701;87;30.2
702;87;30.2
703;87;30.2
704;87;30.2
705;87;30.2
706;87;30.2
707;87;30.2
708;88;30.2
709;88;30.2
710;88;30.2
711;88;30.2
712;88;30.2
713;88;30.2
714;89;30.2
715;89;30.3
716;89;30.3
717;89;30.3
718;89;30.3
719;88;30.3
720;88;30.2
721;87;30.3
722;86;30.3
723;86;30.3
724;86;30.3
725;86;30.3
726;88;30.3
727;88;30.3
728;90;30.3
729;91;30.3
730;92;30.3
731;92;30.3
732;91;30.3
733;91;30.3
734;90;30.3
735;90;30.3
736;89;30.3
737;88;30.3
738;88;30.4
739;88;30.4
740;88;30.4
741;89;30.4
742;88;30.4
743;88;30.4
744;87;30.4
745;87;30.4
746;87;30.4
747;87;30.4
748;86;30.4
749;86;30.4
750;85;30.4
751;85;30.4
752;85;30.4
753;83;30.4
754;82;30.4
755;81;30.4
756;81;30.4
757;81;30.4
758;81;30.4
759;81;30.4
760;81;30.4
761;81;30.4
762;81;30.4
763;81;30.4
764;82;30.4
765;82;30.4
766;83;30.4
767;84;30.4
768;85;30.4
769;86;30.4
770;86;30.4
771;87;30.4
772;87;30.4
773;87;30.4
774;88;30.4
775;87;30.4
776;86;30.4
777;87;30.4
778;87;30.4
779;87;30.4
780;88;30.4
781;87;30.4
782;87;30.4
783;88;30.4
784;88;30.4
785;87;30.4
786;87;30.4
787;87;30.4
788;87;30.4
789;87;30.4
790;87;30.4
791;86;30.4
792;86;30.4
793;85;30.4
794;85;30.4
795;85;30.4
796;84;30.4
797;84;30.5
798;84;30.5
799;83;30.4
800;82;30.4
801;82;30.5
802;82;30.4
803;81;30.5
804;81;30.5
805;81;30.5
806;80;30.5
807;81;30.5
808;81;30.5
809;82;30.5
810;82;30.5
811;82;30.5
812;83;30.5
813;84;30.5
814;84;30.5
815;84;30.5
816;84;30.5
817;84;30.5
818;85;30.5
819;86;30.5
820;86;30.6
821;87;30.5
822;88;30.5
823;89;30.5
824;90;30.5
825;91;30.5
826;91;30.6
827;91;30.6
828;91;30.6
829;91;30.6
830;91;30.6
831;89;30.6
832;89;30.6
833;88;30.6
834;89;30.6
835;88;30.6
836;87;30.6
837;87;30.6
838;87;30.6
839;87;30.6
840;86;30.6
841;86;30.6
842;86;30.6
843;86;30.6
844;86;30.6
845;86;30.6
846;86;30.6
847;86;30.6
848;86;30.6
849;85;30.6
850;86;30.6
851;86;30.6
852;86;30.6
853;86;30.6
854;86;30.6
855;86;30.6
856;87;30.6
857;88;30.6
858;88;30.6
859;88;30.6
860;88;30.6
861;88;30.6
862;89;30.6
863;88;30.6
864;88;30.6
865;88;30.6
866;89;30.6
867;88;30.6
868;88;30.6
869;88;30.6
870;88;30.6
871;89;30.6
872;89;30.6
873;88;30.6
874;87;30.6
875;87;30.6
876;88;30.6
877;88;30.6
878;88;30.6
879;87;30.6
880;88;30.6
881;88;30.6
882;88;30.6
883;88;30.7
884;89;30.6
885;89;30.6
886;89;30.6
887;89;30.6
888;89;30.6
889;89;30.7
890;89;30.6
891;89;30.7
892;88;30.6
893;87;30.7
894;87;30.7
895;87;30.6
896;87;30.7
897;86;30.7
898;86;30.7
899;86;30.7
900;87;30.7
901;88;30.7
902;89;30.7
903;89;30.7
904;89;30.7
905;90;30.7
906;90;30.7
907;91;30.7
908;92;30.7
909;92;30.7
910;92;30.7
911;92;30.8
912;93;30.7
913;94;30.7
914;94;30.7
915;95;30.7
916;96;30.8
917;97;30.8
918;98;30.8
919;98;30.8
920;98;30.8
921;99;30.8
922;100;30.8
923;101;30.8
924;101;30.8
925;101;30.8
926;101;30.8
927;101;30.8
928;102;30.8
929;102;30.8
930;102;30.8
931;103;30.8
932;103;30.8
933;104;30.8
934;105;30.8
935;105;30.8
936;106;30.8
937;106;30.8
938;107;30.8
939;107;30.8
940;108;30.8
941;108;30.8
942;108;30.8
943;108;30.8
944;108;30.8
945;108;30.8
946;108;30.8
947;108;30.8
948;108;30.8
949;108;30.8
950;108;30.8
951;108;30.8
952;109;30.8
953;109;30.8
954;110;30.8
955;109;30.8
956;109;30.8
957;109;30.8
958;109;30.8
959;109;30.8
960;109;30.8
961;109;30.8
962;109;30.8
963;109;30.8
964;110;30.8
965;110;30.8
966;109;30.8
967;110;30.8
968;108;30.8
969;108;30.8
970;107;30.8
971;106;30.8
972;105;30.8
973;105;30.8
974;104;30.8
975;103;30.8
976;103;30.8
977;103;30.8
978;102;30.8
979;102;30.8
980;102;30.8
981;101;30.8
982;101;30.8
983;102;30.8
984;102;30.8
985;101;30.8
986;101;30.8
987;101;30.8
988;101;30.8
989;100;30.8
990;99;30.8
991;99;30.8
992;98;30.8
993;98;30.8
994;98;30.9
995;98;30.9
996;97;30.9
997;96;30.8
998;97;30.9
999;96;30.9
1000;96;30.8
1001;95;30.9
1002;95;30.9
1003;95;30.9
1004;95;30.9
1005;95;30.9
1006;95;30.9
1007;95;30.9
1008;94;30.9
1009;94;30.9
1010;94;30.9
1011;94;30.9
1012;94;30.9
1013;93;30.9
1014;93;30.9
1015;93;30.9
1016;93;30.9
1017;94;30.9
1018;93;30.9
1019;94;30.9
1020;93;30.9
1021;93;30.9
1022;94;30.9
1023;93;30.9
1024;93;30.9
1025;93;30.9
1026;93;31.0
1027;93;30.9
1028;93;31.0
1029;93;30.9
1030;92;30.9
1031;92;30.9
1032;92;31.0
1033;92;31.0
1034;92;31.0
1035;91;30.9
1036;91;30.9
1037;92;31.0
1038;92;31.0
1039;91;31.0
1040;90;31.0
1041;90;31.0
1042;91;31.0
1043;91;31.0
1044;90;31.0
1045;90;31.0
1046;90;31.0
1047;90;31.0
1048;90;31.0
1049;90;31.0
1050;89;31.0
1051;89;31.0
1052;89;31.0
1053;89;31.0
1054;88;31.0
1055;88;31.0
1056;87;31.0
1057;88;31.0
1058;88;31.0
1059;88;31.0
1060;88;31.0
1061;90;31.0
1062;90;31.0
1063;91;31.0
1064;92;31.0
1065;92;31.0
1066;92;31.0
1067;92;31.0
1068;92;31.0
1069;91;31.0
1070;91;31.0
1071;90;31.0
1072;89;31.0
1073;88;31.0
1074;88;31.0
1075;87;31.0
1076;87;31.0
1077;86;31.0
1078;85;31.0
1079;85;31.0
1080;85;31.0
1081;84;31.0
1082;84;31.1
1083;83;31.0
1084;83;31.1
1085;83;31.0
1086;83;31.1
1087;83;31.1
1088;83;31.1
1089;83;31.1
1090;83;31.1
1091;84;31.1
1092;84;31.1
1093;83;31.1
1094;83;31.1
1095;83;31.1
1096;82;31.1
1097;82;31.1
1098;82;31.1
1099;82;31.1
1100;82;31.1
1101;82;31.1
1102;82;31.1
1103;82;31.1
1104;82;31.1
1105;81;31.1
1106;81;31.1
1107;81;31.1
1108;81;31.1
1109;81;31.1
1110;80;31.1
1111;81;31.1
1112;81;31.1
1113;82;31.1
1114;82;31.1
1115;83;31.1
1116;84;31.1
1117;84;31.1
1118;84;31.1
1119;84;31.1
1120;84;31.1
1121;84;31.1
1122;84;31.1
1123;84;31.1
1124;84;31.1
1125;84;31.1
1126;84;31.1
1127;85;31.1
1128;85;31.1
1129;85;31.1
1130;85;31.1
1131;86;31.1
1132;85;31.1
1133;85;31.1
1134;84;31.1
1135;83;31.1
1136;83;31.1
1137;83;31.1
1138;83;31.1
1139;83;31.1
1140;83;31.1
1141;83;31.1
1142;84;31.1
1143;85;31.1
1144;85;31.2
1145;85;31.1
1146;85;31.1
1147;85;31.1
1148;85;31.1
1149;85;31.1
1150;85;31.1
1151;84;31.2
1152;85;31.2
1153;85;31.2
1154;86;31.2
1155;86;31.1
1156;86;31.2
1157;86;31.2
1158;86;31.2
1159;87;31.2
1160;87;31.2
1161;87;31.2
1162;87;31.2
1163;88;31.2
1164;89;31.2
1165;90;31.2
1166;90;31.2
1167;91;31.2
1168;91;31.2
1169;92;31.2
1170;93;31.2
1171;93;31.2
1172;93;31.2
1173;94;31.2
1174;96;31.2
1175;96;31.2
1176;97;31.2
1177;98;31.2
1178;99;31.2
1179;100;31.2
1180;100;31.2
1181;100;31.2
1182;101;31.2
1183;102;31.2
1184;103;31.2
1185;103;31.2
1186;104;31.2
1187;105;31.2
1188;106;31.2
1189;106;31.2
1190;106;31.2
1191;107;31.2
1192;107;31.2
1193;108;31.2
1194;107;31.3
1195;107;31.2
1196;107;31.2
1197;108;31.2
1198;108;31.3
1199;108;31.3
1200;108;31.3
1201;108;31.2
1202;109;31.3
1203;110;31.3
1204;110;31.3
1205;110;31.3
1206;110;31.3
1207;111;31.3
1208;112;31.3
1209;113;31.3
1210;113;31.3
1211;113;31.3
1212;113;31.3
1213;115;31.3
1214;115;31.3
1215;115;31.3
1216;115;31.3
1217;116;31.3
1218;117;31.3
1219;117;31.3
1220;117;31.3
1221;117;31.3
1222;119;31.3
1223;120;31.3
1224;121;31.3
1225;121;31.3
1226;121;31.3
1227;123;31.3
1228;124;31.3
1229;125;31.3
1230;125;31.3
1231;125;31.3
1232;126;31.3
1233;126;31.3
1234;126;31.3
1235;126;31.3
1236;125;31.3
1237;125;31.3
1238;126;31.3
1239;126;31.3
1240;126;31.3
1241;126;31.3
1242;127;31.3
1243;127;31.3
1244;129;31.3
1245;128;31.3
1246;128;31.3
1247;128;31.3
1248;128;31.3
1249;129;31.3
1250;127;31.3
1251;126;31.3
1252;125;31.3
1253;124;31.3
1254;123;31.3
1255;122;31.3
1256;121;31.3
1257;119;31.3
1258;121;31.3
1259;121;31.3
1260;122;31.3
1261;122;31.3
1262;123;31.3
1263;123;31.3
1264;124;31.3
1265;123;31.3
1266;123;31.3
1267;123;31.3
1268;122;31.3
1269;121;31.3
1270;119;31.3
1271;117;31.3
1272;117;31.4
1273;116;31.3
1274;116;31.3
1275;115;31.3
1276;116;31.3
1277;117;31.3
1278;118;31.3
1279;119;31.3
1280;119;31.3
1281;118;31.3
1282;117;31.3
1283;116;31.3
1284;115;31.4
1285;114;31.3
1286;113;31.4
1287;112;31.4
1288;112;31.4
1289;112;31.4
1290;113;31.4
1291;114;31.4
1292;115;31.4
1293;115;31.3
1294;114;31.4
1295;114;31.4
1296;112;31.4
1297;113;31.3
1298;113;31.4
1299;112;31.4
1300;111;31.3
1301;111;31.4
1302;112;31.3
1303;112;31.4
1304;112;31.4
1305;112;31.3
1306;111;31.3
1307;111;31.4
1308;110;31.4
1309;109;31.3
1310;108;31.4
1311;108;31.4
1312;108;31.4
1313;109;31.4
1314;108;31.4
1315;108;31.4
1316;110;31.4
1317;110;31.4
1318;110;31.4
1319;110;31.4
1320;110;31.4
1321;109;31.4
1322;110;31.4
1323;109;31.4
1324;109;31.4
1325;109;31.4
1326;109;31.4
1327;110;31.4
1328;110;31.4
1329;110;31.4
1330;110;31.4
1331;110;31.4
1332;110;31.4
1333;109;31.4
1334;109;31.4
1335;108;31.4
1336;107;31.4
1337;108;31.4
1338;107;31.4
1339;107;31.4
1340;107;31.4
1341;108;31.5
1342;108;31.4
1343;108;31.4
1344;108;31.5
1345;108;31.4
1346;108;31.5
1347;108;31.5
1348;108;31.4
1349;109;31.5
1350;110;31.5
1351;110;31.5
1352;110;31.5
1353;110;31.5
1354;110;31.5
1355;109;31.5
1356;110;31.5
1357;109;31.5
1358;109;31.5
1359;110;31.5
1360;110;31.5
1361;111;31.5
1362;112;31.5
1363;111;31.5
1364;110;31.5
1365;109;31.5
1366;108;31.5
1367;108;31.5
1368;108;31.5
1369;108;31.5
1370;108;31.5
1371;109;31.5
1372;110;31.5
1373;111;31.5
1374;110;31.5
1375;110;31.5
1376;109;31.5
1377;109;31.5
1378;109;31.5
1379;110;31.5
1380;110;31.5
1381;111;31.5
1382;112;31.5
1383;113;31.5
1384;115;31.5
1385;115;31.5
1386;115;31.5
1387;115;31.5
1388;114;31.5
1389;113;31.5
1390;113;31.5
1391;111;31.5
1392;111;31.5
1393;110;31.5
1394;110;31.5
1395;110;31.5
1396;111;31.5
1397;112;31.5
1398;113;31.5
1399;113;31.5
1400;112;31.5
1401;111;31.5
1402;110;31.5
1403;110;31.5
1404;109;31.5
1405;109;31.5
1406;108;31.6
1407;108;31.5
1408;108;31.6
1409;108;31.6
1410;108;31.6
1411;108;31.6
1412;108;31.6
1413;108;31.6
1414;109;31.6
1415;109;31.6
1416;109;31.6
1417;109;31.6
1418;109;31.6
1419;108;31.6
1420;107;31.6
1421;107;31.6
1422;107;31.6
1423;107;31.6
1424;108;31.6
1425;109;31.6
1426;109;31.6
1427;109;31.6
1428;108;31.6
1429;107;31.6
1430;108;31.6
1431;107;31.6
1432;107;31.6
1433;107;31.6
1434;107;31.6
1435;107;31.6
1436;107;31.6
1437;108;31.6
1438;106;31.6
1439;106;31.7
1440;105;31.6
1441;105;31.7
1442;105;31.7
1443;106;31.6
1444;107;31.7
1445;107;31.7
1446;109;31.7
1447;109;31.7
1448;109;31.7
1449;108;31.7
1450;107;31.7
1451;106;31.7
1452;106;31.7
1453;105;31.7
1454;104;31.7
1455;104;31.7
1456;104;31.7
1457;104;31.7
1458;105;31.7
1459;104;31.7
1460;104;31.7
1461;104;31.7
1462;105;31.7
1463;105;31.7
1464;105;31.7
1465;106;31.7
1466;105;31.7
1467;106;31.7
1468;106;31.7
1469;105;31.8
1470;104;31.7
1471;103;31.7
1472;102;31.7
1473;102;31.8
1474;102;31.8
1475;101;31.8
1476;101;31.7
1477;102;31.8
1478;102;31.7
1479;102;31.7
1480;103;31.7
1481;103;31.8
1482;104;31.8
1483;103;31.8
1484;103;31.8
1485;102;31.8
1486;101;31.8
1487;102;31.8
1488;102;31.8
1489;101;31.8
1490;101;31.8
1491;101;31.8
1492;101;31.8
1493;102;31.8
1494;102;31.8
1495;101;31.8
1496;101;31.8
1497;101;31.8
1498;101;31.8
1499;101;31.8
1500;101;31.8
1501;100;31.8
1502;100;31.8
1503;101;31.8
1504;101;31.8
1505;101;31.8
1506;102;31.8
1507;103;31.8
1508;104;31.8
1509;103;31.8
1510;103;31.8
1511;102;31.8
1512;103;31.8
1513;103;31.8
1514;103;31.8
1515;103;31.8
1516;103;31.8
1517;104;31.8
1518;105;31.8
1519;105;31.8
1520;104;31.8
1521;103;31.8
1522;103;31.8
1523;102;31.8
1524;103;31.8
1525;103;31.8
1526;104;31.8
1527;105;31.8
1528;106;31.8
1529;107;31.8
1530;106;31.8
1531;106;31.8
1532;106;31.8
1533;105;31.8
1534;105;31.8
1535;105;31.8
1536;104;31.8
1537;104;31.8
1538;104;31.8
1539;104;31.8
1540;104;31.8
1541;103;31.8
1542;103;31.8
1543;104;31.8
1544;104;31.8
1545;105;31.8
1546;105;31.8
1547;106;31.8
1548;106;31.8
1549;107;31.8
1550;108;31.8
1551;108;31.8
1552;108;31.8
1553;107;31.8
1554;107;31.8
1555;106;31.8
1556;105;31.8
1557;105;31.9
1558;105;31.8
1559;104;31.8
1560;104;31.8
1561;105;31.8
1562;105;31.9
1563;105;31.9
1564;106;31.9
1565;106;31.9
1566;105;31.9
1567;105;31.9
1568;104;31.9
1569;105;31.9
1570;105;31.9
1571;105;31.9
1572;105;31.9
1573;105;31.9
1574;105;31.9
1575;105;31.9
1576;105;31.9
1577;105;31.9
1578;104;31.9
1579;103;31.9
1580;103;31.9
1581;102;31.9
1582;103;31.9
1583;103;31.9
1584;102;31.9
1585;102;31.9
1586;102;31.9
1587;102;31.9
1588;102;31.9
1589;102;31.9
1590;102;31.9
1591;103;31.9
1592;103;31.9
1593;104;31.9
1594;104;31.9
1595;104;31.9
1596;104;32.0
1597;105;31.9
1598;106;31.9
1599;105;31.9
1600;105;31.9
1601;105;31.9
1602;104;31.9
1603;104;31.9
1604;104;32.0
1605;104;31.9
1606;103;31.9
1607;103;32.0
1608;103;31.9
1609;104;31.9
1610;105;32.0
1611;105;32.0
1612;105;31.9
1613;105;32.0
1614;106;32.0
1615;105;32.0
1616;105;32.0
1617;105;32.0
1618;105;32.0
1619;105;32.0
1620;105;32.0
1621;105;32.0
1622;105;32.0
1623;105;32.0
1624;105;32.0
1625;105;32.0
1626;105;32.0
1627;105;32.0
1628;105;32.0
1629;106;32.0
1630;106;32.0
1631;106;32.0
1632;106;32.0
1633;106;32.0
1634;106;32.0
1635;106;32.0
1636;107;32.0
1637;107;32.0
1638;107;32.0
1639;107;32.0
1640;107;32.0
1641;107;32.0
1642;107;32.0
1643;107;32.0
1644;107;32.0
1645;107;32.0
1646;107;32.0
1647;108;32.0
1648;108;32.0
1649;108;32.0
1650;107;32.0
1651;106;32.0
1652;106;32.0
1653;105;32.0
1654;104;32.0
1655;104;32.0
1656;103;32.0
1657;103;32.0
1658;103;32.0
1659;103;32.0
1660;103;32.0
1661;103;32.0
1662;103;32.0
1663;103;32.0
1664;103;32.0
1665;103;32.0
1666;103;32.0
1667;104;32.0
1668;103;32.0
1669;103;32.0
1670;103;32.0
1671;102;32.0
1672;102;32.0
1673;102;32.0
1674;101;32.0
1675;101;32.0
1676;101;32.0
1677;101;32.0
1678;102;32.0
1679;102;32.0
1680;102;32.0
1681;103;32.0
1682;103;32.0
1683;103;32.0
1684;104;32.0
1685;104;32.0
1686;104;32.0
1687;104;32.0
1688;104;32.0
1689;104;32.0
1690;104;32.0
1691;102;32.0
1692;101;32.0
1693;101;32.0
1694;100;32.0
1695;100;32.0
1696;100;32.0
1697;101;32.0
1698;101;32.0
1699;103;32.0
1700;103;32.0
1701;103;32.0
1702;104;32.0
1703;104;32.0
1704;104;32.0
1705;104;32.0
1706;103;32.0
1707;102;32.0
1708;103;32.0
1709;104;32.0
1710;104;32.0
1711;104;32.0
1712;104;32.0
1713;104;32.0
1714;105;32.0
1715;106;32.0
1716;106;32.0
1717;105;32.0
1718;105;32.0
1719;105;32.0
1720;105;32.0
1721;105;32.0
1722;105;32.0
1723;105;32.0
1724;103;32.1
1725;103;32.0
1726;103;32.0
1727;103;32.1
1728;102;32.1
1729;101;32.0
1730;101;32.0
1731;102;32.1
1732;103;32.1
1733;104;32.0
1734;104;32.1
1735;105;32.1
1736;105;32.1
1737;105;32.1
1738;106;32.1
1739;106;32.1
1740;106;32.1
1741;106;32.1
1742;105;32.1
1743;105;32.1
1744;104;32.1
1745;105;32.1
1746;105;32.1
1747;105;32.1
1748;104;32.1
1749;104;32.1
1750;105;32.1
1751;104;32.1
1752;105;32.1
1753;105;32.1
1754;104;32.1
1755;105;32.1
1756;106;32.1
1757;106;32.1
1758;106;32.1
1759;107;32.1
1760;106;32.1
1761;106;32.1
1762;106;32.1
1763;105;32.1
1764;104;32.1
1765;104;32.1
1766;103;32.1
1767;102;32.1
1768;102;32.1
1769;102;32.1
1770;101;32.1
1771;101;32.1
1772;100;32.1
1773;101;32.1
1774;101;32.1
1775;101;32.2
1776;101;32.1
1777;100;32.1
1778;100;32.1
1779;100;32.1
1780;100;32.1
1781;99;32.2
1782;99;32.2
1783;98;32.1
1784;98;32.1
1785;98;32.1
1786;98;32.1
1787;98;32.1
1788;99;32.1
1789;99;32.1
1790;99;32.1
1791;98;32.1
1792;98;32.2
1793;98;32.1
1794;99;32.2
1795;98;32.2
1796;98;32.2
1797;98;32.2
1798;99;32.2
1799;99;32.2
1800;100;32.2
1801;100;32.2
1802;100;32.2
1803;101;32.2
1804;101;32.2
1805;101;32.2
1806;100;32.2
1807;101;32.2
1808;101;32.2
1809;101;32.2
1810;101;32.2
1811;101;32.2
1812;101;32.2
1813;101;32.2
1814;101;32.2
1815;101;32.2
1816;101;32.2
1817;101;32.2
1818;102;32.2
1819;101;32.2
1820;101;32.2
1821;101;32.2
1822;101;32.2
1823;100;32.2
1824;101;32.2
1825;100;32.2
1826;99;32.2
1827;99;32.2
1828;100;32.2
1829;100;32.2
1830;100;32.2
1831;99;32.2
1832;100;32.2
1833;100;32.2
1834;100;32.2
1835;99;32.2
1836;99;32.2
1837;99;32.2
1838;100;32.2
1839;100;32.2
1840;100;32.2
1841;100;32.2
1842;100;32.2
1843;100;32.2
1844;100;32.2
1845;100;32.2
1846;100;32.2
1847;100;32.2
1848;100;32.2
1849;100;32.2
1850;100;32.2
1851;99;32.2
1852;99;32.2
1853;100;32.2
1854;100;32.2
1855;99;32.2
1856;99;32.2
1857;99;32.2
1858;99;32.2
1859;99;32.2
1860;99;32.2
1861;98;32.2
1862;98;32.2
1863;98;32.2
1864;98;32.2
1865;98;32.2
1866;97;32.2
1867;97;32.2
1868;98;32.2
1869;97;32.2
1870;96;32.2
1871;96;32.2
1872;95;32.2
1873;95;32.2
1874;94;32.2
1875;94;32.2
1876;94;32.2
1877;94;32.2
1878;93;32.2
1879;93;32.2
1880;93;32.2
1881;93;32.2
1882;93;32.2
1883;92;32.2
1884;92;32.2
1885;92;32.2
1886;91;32.2
1887;91;32.2
1888;91;32.2
1889;92;32.2
1890;91;32.2
1891;91;32.2
1892;91;32.2
1893;91;32.2
1894;92;32.2
1895;91;32.2
1896;91;32.2
1897;91;32.2
1898;91;32.2
1899;91;32.2
1900;91;32.2
1901;90;32.2
1902;90;32.2
1903;90;32.2
1904;90;32.2
1905;91;32.2
1906;91;32.2
1907;91;32.2
1908;91;32.2
1909;92;32.3
1910;92;32.2
1911;92;32.3
1912;93;32.2
1913;93;32.3
1914;92;32.3
1915;93;32.3
1916;92;32.3
1917;93;32.2
1918;93;32.3
1919;94;32.2
1920;95;32.2
1921;95;32.3
1922;96;32.3
1923;96;32.3
1924;98;32.3
1925;98;32.3
1926;98;32.3
1927;99;32.3
1928;99;32.3
1929;99;32.3
1930;99;32.3
1931;99;32.3
1932;99;32.3
1933;99;32.3
1934;99;32.3
1935;99;32.3
1936;99;32.3
1937;99;32.3
1938;100;32.3
1939;100;32.3
1940;100;32.3
1941;101;32.3
1942;101;32.3
1943;101;32.3
1944;101;32.3
1945;101;32.3
1946;100;32.3
1947;100;32.3
1948;99;32.3
1949;99;32.3
1950;99;32.3
1951;99;32.3
1952;99;32.3
1953;99;32.3
1954;99;32.3
1955;99;32.3
1956;99;32.3
1957;100;32.3
1958;100;32.3
1959;99;32.3
1960;99;32.3
1961;98;32.3
1962;99;32.3
1963;99;32.3
1964;98;32.3
1965;98;32.3
1966;98;32.3
1967;98;32.3
1968;98;32.3
1969;97;32.3
1970;97;32.3
1971;96;32.4
1972;97;32.3
1973;97;32.3
1974;97;32.3
1975;97;32.3
1976;96;32.3
1977;97;32.4
1978;97;32.3
1979;97;32.3
1980;96;32.4
1981;95;32.3
1982;95;32.4
1983;95;32.3
1984;95;32.4
1985;94;32.4
1986;94;32.4
1987;94;32.4
1988;94;32.3
1989;94;32.4
1990;93;32.4
1991;94;32.4
1992;94;32.4
1993;93;32.4
1994;93;32.4
1995;93;32.4
1996;93;32.4
1997;93;32.4
1998;93;32.4
1999;92;32.4
2000;92;32.4
2001;91;32.4
2002;91;32.4
2003;90;32.4
2004;89;32.4
2005;88;32.4
2006;88;32.4
2007;88;32.4
2008;87;32.4
2009;88;32.4
2010;88;32.4
2011;88;32.4
2012;87;32.4
2013;87;32.4
2014;87;32.4
2015;86;32.4
2016;86;32.4
2017;86;32.4
2018;86;32.4
2019;86;32.4
2020;86;32.4
2021;86;32.4
2022;86;32.4
2023;87;32.4
2024;87;32.4
2025;86;32.4
2026;86;32.4
2027;86;32.4
2028;86;32.4
2029;85;32.4
2030;85;32.4
2031;84;32.4
2032;84;32.4
2033;83;32.4
2034;83;32.4
2035;83;32.4
2036;83;32.4
2037;83;32.4
2038;83;32.4
2039;83;32.4
2040;83;32.4
2041;83;32.5
2042;83;32.4
2043;83;32.4
2044;83;32.5
2045;82;32.4
2046;82;32.4
2047;82;32.4
2048;83;32.4
2049;83;32.5
2050;83;32.4
2051;83;32.5
2052;83;32.5
2053;83;32.5
2054;84;32.5
2055;83;32.5
2056;83;32.4
2057;83;32.5
2058;83;32.5
2059;83;32.5
2060;83;32.5
2061;82;32.5
2062;82;32.5
2063;82;32.5
2064;82;32.5
2065;82;32.5
2066;82;32.5
2067;82;32.5
2068;82;32.5
2069;82;32.5
2070;82;32.5
2071;82;32.5
2072;82;32.5
2073;81;32.5
2074;82;32.5
2075;81;32.5
2076;82;32.5
2077;82;32.5
2078;82;32.5
2079;83;32.5
2080;83;32.5
2081;83;32.5
2082;84;32.5
2083;84;32.5
2084;84;32.5
2085;84;32.5
2086;83;32.5
2087;83;32.5
2088;82;32.5
2089;82;32.5
2090;82;32.5
2091;82;32.5
2092;82;32.5
2093;82;32.5
2094;82;32.5
2095;82;32.5
2096;83;32.5
2097;82;32.5
2098;82;32.5
2099;82;32.5
2100;83;32.5
2101;83;32.5
2102;83;32.5
2103;84;32.5
2104;83;32.5
2105;83;32.5
2106;83;32.5
2107;83;32.5
2108;83;32.5
2109;83;32.5
2110;83;32.5
2111;83;32.5
2112;83;32.5
2113;83;32.5
2114;84;32.5
2115;84;32.5
2116;84;32.5
2117;84;32.5
2118;85;32.5
2119;85;32.5
2120;85;32.5
2121;86;32.5
2122;86;32.5
2123;86;32.5
2124;86;32.5
2125;87;32.5
2126;86;32.5
2127;87;32.5
2128;88;32.5
2129;88;32.5
2130;89;32.5
2131;89;32.5
2132;91;32.5
2133;91;32.5
2134;92;32.5
2135;92;32.5
2136;93;32.5
2137;95;32.5
2138;95;32.5
2139;96;32.5
2140;96;32.5
2141;96;32.5
2142;96;32.5
2143;96;32.5
2144;97;32.5
2145;97;32.5
2146;97;32.5
2147;97;32.5
2148;97;32.5
2149;97;32.5
2150;97;32.5
2151;97;32.5
2152;97;32.5
2153;98;32.5
2154;98;32.5
2155;97;32.5
2156;97;32.5
2157;97;32.5
2158;97;32.5
2159;97;32.5
2160;97;32.5
2161;96;32.5
2162;96;32.5
2163;97;32.5
2164;97;32.5
2165;98;32.5
2166;98;32.5
2167;98;32.5
2168;101;32.5
2169;101;32.5
2170;102;32.5
2171;102;32.5
2172;107;32.5
2173;107;32.5
2174;109;32.5
2175;109;32.5
2176;111;32.5
2177;112;32.5
2178;113;32.5
2179;113;32.5
2180;116;32.5
2181;116;32.5
2182;116;32.5
2183;117;32.5
2184;117;32.5
2185;117;32.5
2186;116;32.6
2187;116;32.5
2188;112;32.5
2189;112;32.6
2190;111;32.5
2191;111;32.6
2192;110;32.6
2193;110;32.6
2194;110;32.5
2195;110;32.6
2196;111;32.5
2197;112;32.6
2198;113;32.6
2199;114;32.6
2200;114;32.6
2201;113;32.6
2202;113;32.6
2203;112;32.6
2204;112;32.6
2205;110;32.6
2206;109;32.6
2207;109;32.6
2208;108;32.6
2209;107;32.6
2210;106;32.6
2211;106;32.6
2212;106;32.6
2213;107;32.6
2214;107;32.6
2215;107;32.6
2216;107;32.6
2217;107;32.6
2218;107;32.6
2219;107;32.6
2220;107;32.6
2221;107;32.6
2222;106;32.6
2223;105;32.6
2224;105;32.6
2225;105;32.6
2226;104;32.6
2227;103;32.6
2228;103;32.6
2229;103;32.6
2230;105;32.6
2231;105;32.6
2232;105;32.6
2233;105;32.6
2234;106;32.6
2235;106;32.6
2236;105;32.6
2237;105;32.6
2238;106;32.6
2239;105;32.7
2240;106;32.6
2241;106;32.6
2242;105;32.6
2243;104;32.6
2244;105;32.7
2245;105;32.7
2246;104;32.6
2247;104;32.7
2248;104;32.7
2249;104;32.7
2250;105;32.6
2251;105;32.7
2252;104;32.7
2253;104;32.6
2254;104;32.7
2255;103;32.7
2256;103;32.7
2257;102;32.7
2258;102;32.7
2259;103;32.7
2260;103;32.7
2261;102;32.7
2262;102;32.7
2263;101;32.7
2264;101;32.7
2265;101;32.7
2266;101;32.7
2267;100;32.7
2268;100;32.7
2269;99;32.7
2270;100;32.7
2271;101;32.7
2272;101;32.7
2273;101;32.7
2274;100;32.7
2275;101;32.7
2276;101;32.7
2277;101;32.7
2278;101;32.7
2279;99;32.7
2280;99;32.7
2281;99;32.7
2282;99;32.7
2283;99;32.7
2284;99;32.7
2285;99;32.7
2286;100;32.7
2287;101;32.7
2288;101;32.7
2289;101;32.7
2290;100;32.7
2291;100;32.7
2292;100;32.7
2293;100;32.7
2294;100;32.7
2295;100;32.7
2296;99;32.7
2297;99;32.7
2298;100;32.7
2299;100;32.7
2300;100;32.7
2301;100;32.7
2302;100;32.7
2303;100;32.7
2304;101;32.7
2305;102;32.7
2306;102;32.7
2307;103;32.7
2308;103;32.7
2309;103;32.7
2310;102;32.7
2311;102;32.7
2312;102;32.7
2313;102;32.7
2314;102;32.7
2315;101;32.7
2316;101;32.7
2317;103;32.7
2318;103;32.7
2319;104;32.7
2320;104;32.7
2321;104;32.7
2322;104;32.7
2323;103;32.7
2324;103;32.7
2325;103;32.7
2326;103;32.7
2327;104;32.7
2328;104;32.7
2329;105;32.7
2330;105;32.7
2331;105;32.7
2332;105;32.7
2333;105;32.7
2334;105;32.7
2335;104;32.7
2336;104;32.7
2337;104;32.7
2338;105;32.7
2339;105;32.7
2340;105;32.7
2341;105;32.7
2342;105;32.7
2343;105;32.7
2344;106;32.7
2345;106;32.7
2346;106;32.7
2347;106;32.7
2348;108;32.7
2349;108;32.7
2350;108;32.7
2351;108;32.7
2352;107;32.7
2353;107;32.7
2354;105;32.7
2355;105;32.7
2356;102;32.7
2357;102;32.7
2358;101;32.7
2359;101;32.7
2360;102;32.7
2361;102;32.7
2362;103;32.7
2363;103;32.7
2364;104;32.7
2365;104;32.7
2366;104;32.7
2367;104;32.7
2368;104;32.7
2369;103;32.7
2370;103;32.7
2371;102;32.7
2372;102;32.7
2373;102;32.7
2374;102;32.7
2375;101;32.7
2376;101;32.8
2377;101;32.7
2378;101;32.8
2379;100;32.7
2380;100;32.7
2381;100;32.8
2382;100;32.8
2383;100;32.8
2384;100;32.8
2385;101;32.7
2386;101;32.7
2387;100;32.8
2388;100;32.8
2389;99;32.8
2390;99;32.8
2391;98;32.8
2392;98;32.8
2393;98;32.8
2394;98;32.8
2395;98;32.8
2396;98;32.8
2397;98;32.8
2398;97;32.8
2399;97;32.8
2400;97;32.8
2401;97;32.8
2402;96;32.8
2403;96;32.8
2404;97;32.8
2405;97;32.8
2406;97;32.8
2407;97;32.8
2408;96;32.8
2409;96;32.8
2410;96;32.8
2411;96;32.8
2412;95;32.8
2413;95;32.8
2414;96;32.8
2415;96;32.8
2416;96;32.8
2417;96;32.8
2418;96;32.8
2419;96;32.8
2420;95;32.8
2421;95;32.8
2422;94;32.8
2423;94;32.8
2424;94;32.8
2425;94;32.8
2426;95;32.8
2427;95;32.8
2428;95;32.8
2429;95;32.8
2430;94;32.8
2431;94;32.8
2432;94;32.8
2433;94;32.8
2434;94;32.8
2435;94;32.8
2436;94;32.8
2437;94;32.8
2438;94;32.8
2439;94;32.8
2440;94;32.8
2441;95;32.8
2442;95;32.8
2443;95;32.8
2444;95;32.8
2445;97;32.8
2446;97;32.8
2447;98;32.8
2448;98;32.8
2449;98;32.9
2450;98;32.8
2451;100;32.9
2452;100;32.8
2453;100;32.8
2454;100;32.8
2455;101;32.8
2456;101;32.9
2457;103;32.9
2458;103;32.9
2459;104;32.8
2460;104;32.9
2461;104;32.9
2462;105;32.8
2463;105;32.9
2464;106;32.9
2465;106;32.9
2466;106;32.9
2467;105;32.9
2468;104;32.9
2469;104;32.9
2470;104;32.9
2471;104;32.9
2472;104;32.9
2473;104;32.9
2474;106;32.9
2475;106;32.9
2476;108;32.9
2477;108;32.9
2478;109;32.9
2479;109;32.9
2480;109;32.9
2481;109;32.9
2482;108;32.9
2483;108;32.9
2484;106;32.9
2485;106;32.9
2486;105;32.9
2487;105;32.9
2488;104;32.9
2489;104;32.9
2490;104;32.9
2491;104;32.9
2492;106;32.9
2493;106;32.9
2494;106;32.9
2495;106;32.9
2496;106;32.9
2497;107;32.9
2498;107;32.9
2499;106;32.9
2500;106;32.9
2501;105;32.9
2502;105;32.9
2503;105;32.9
2504;105;32.9
2505;106;32.9
2506;106;32.9
2507;106;32.9
2508;106;32.9
2509;107;32.9
2510;107;32.9
2511;106;32.9
2512;106;32.9
2513;106;32.9
2514;106;32.9
2515;107;32.9
2516;107;32.9
2517;107;32.9
2518;107;32.9
2519;107;32.9
2520;107;32.9
2521;106;32.9
2522;106;32.9
2523;105;32.9
2524;105;32.9
2525;105;32.9
2526;105;32.9
2527;105;32.9
2528;105;32.9
2529;105;32.9
2530;104;32.9
2531;104;32.9
2532;104;32.9
2533;104;32.9
2534;105;32.9
2535;105;32.9
2536;104;32.9
2537;104;32.9
2538;105;32.9
2539;105;32.9
2540;105;32.9
2541;105;32.9
2542;105;32.9
2543;105;32.9
2544;104;32.9
2545;104;32.9
2546;103;32.9
2547;103;32.9
2548;102;32.9
2549;102;32.9
2550;102;32.9
2551;102;32.9
2552;101;32.9
2553;101;32.9
2554;101;32.9
2555;100;32.9
2556;100;32.9
2557;100;32.9
2558;100;32.9
2559;100;32.9
2560;100;32.9
2561;99;32.9
2562;99;32.9
2563;99;32.9
2564;99;32.9
2565;98;32.9
2566;98;32.9
2567;97;32.9
2568;97;32.9
2569;96;32.9
2570;96;32.9
2571;96;32.9
2572;96;32.9
2573;96;32.9
2574;96;32.9
2575;95;32.9
2576;95;32.9
2577;95;32.9
2578;95;32.9
2579;94;32.9
2580;94;32.9
2581;92;32.9
2582;92;32.9
2583;91;32.9
2584;91;32.9
2585;90;33.0
2586;90;32.9
2587;90;33.0
2588;91;32.9
2589;91;33.0
2590;91;32.9
2591;91;32.9
2592;92;32.9
2593;92;32.9
2594;91;32.9
2595;91;33.0
2596;91;32.9
2597;91;32.9
2598;91;32.9
2599;91;33.0
2600;91;32.9
2601;91;32.9
2602;91;32.9
2603;91;33.0
2604;91;33.0
2605;91;33.0
2606;91;33.0
2607;91;33.0
2608;92;33.0
2609;92;33.0
2610;92;33.0
2611;92;33.0
2612;92;33.0
2613;92;33.0
2614;92;33.0
2615;91;33.0
2616;91;33.0
2617;92;33.0
2618;92;33.0
2619;92;33.0
2620;92;33.0
2621;93;33.0
2622;93;33.0
2623;94;33.0
2624;94;33.0
2625;94;33.0
2626;94;33.0
2627;95;33.0
2628;95;33.0
2629;96;33.0
2630;96;33.0
2631;96;33.0
2632;96;33.0
2633;97;33.0
2634;97;33.0
2635;97;33.0
2636;97;33.0
2637;99;33.0
2638;99;33.0
2639;101;33.0
2640;101;33.0
2641;105;33.0
2642;105;33.0
2643;107;33.0
2644;109;33.0
2645;110;33.0
2646;109;33.0
2647;109;33.0
2648;109;33.0
2649;108;33.0
2650;108;33.0
2651;107;33.0
2652;106;33.0
2653;106;33.0
2654;104;33.0
2655;104;33.0
2656;103;33.0
2657;103;33.0
2658;103;33.0
2659;103;33.0
2660;103;33.0
2661;103;33.0
2662;104;33.0
2663;104;33.0
2664;105;33.0
2665;105;33.1
2666;105;33.0
2667;105;33.0
2668;105;33.0
2669;105;33.1
2670;104;33.0
2671;104;33.1
2672;104;33.0
2673;104;33.1
2674;105;33.0
2675;105;33.0
2676;105;33.1
2677;104;33.1
2678;105;33.1
2679;105;33.0
2680;105;33.0
2681;105;33.1
2682;104;33.1
2683;104;33.1
2684;104;33.1
2685;104;33.1
2686;104;33.1
2687;104;33.1
2688;104;33.1
2689;104;33.1
2690;104;33.1
2691;104;33.1
2692;104;33.1
2693;105;33.1
2694;105;33.1
2695;105;33.1
2696;105;33.1
2697;104;33.1
2698;104;33.1
2699;103;33.1
2700;103;33.1
2701;103;33.1
2702;103;33.1
2703;103;33.1
2704;103;33.1
2705;103;33.1
2706;103;33.1
2707;104;33.1
2708;104;33.1
2709;104;33.1
2710;103;33.1
2711;102;33.1
2712;102;33.1
2713;102;33.1
2714;102;33.1
2715;102;33.1
2716;102;33.1
2717;102;33.1
2718;102;33.1
2719;102;33.1
2720;101;33.1
2721;101;33.1
2722;101;33.1
2723;101;33.1
2724;100;33.1
2725;100;33.1
2726;99;33.1
2727;99;33.1
2728;98;33.1
2729;98;33.1
2730;97;33.1
2731;97;33.1
2732;97;33.1
2733;97;33.1
2734;95;33.1
2735;95;33.1
2736;96;33.1
2737;96;33.1
2738;96;33.1
2739;96;33.1
2740;96;33.2
2741;95;33.1
2742;96;33.2
2743;96;33.2
2744;96;33.1
2745;96;33.2
2746;96;33.2
2747;96;33.2
2748;95;33.1
2749;95;33.2
2750;95;33.2
2751;94;33.2
2752;94;33.2
2753;94;33.1
2754;94;33.2
2755;93;33.2
2756;93;33.2
2757;94;33.2
2758;94;33.2
2759;94;33.2
2760;94;33.2
2761;94;33.2
2762;94;33.2
2763;93;33.2
2764;93;33.2
2765;92;33.2
2766;92;33.2
2767;91;33.2
2768;92;33.2
2769;92;33.2
2770;92;33.2
2771;92;33.2
2772;93;33.2
2773;93;33.2
2774;94;33.2
2775;94;33.2
2776;94;33.2
2777;94;33.2
2778;94;33.2
2779;93;33.2
2780;93;33.2
2781;93;33.2
2782;94;33.2
2783;94;33.2
2784;94;33.2
2785;94;33.2
2786;94;33.2
2787;94;33.2
2788;95;33.2
2789;95;33.2
2790;95;33.2
2791;95;33.2
2792;95;33.2
2793;95;33.2
2794;96;33.2
2795;96;33.2
2796;96;33.2
2797;96;33.2
2798;96;33.2
2799;97;33.2
2800;98;33.2
2801;98;33.2
2802;99;33.2
2803;100;33.2
2804;101;33.2
2805;101;33.2
2806;101;33.2
2807;101;33.2
2808;101;33.2
2809;100;33.2
2810;100;33.2
2811;99;33.2
2812;99;33.2
2813;100;33.2
2814;100;33.2
2815;101;33.2
2816;101;33.2
2817;103;33.2
2818;103;33.2
2819;103;33.2
2820;103;33.2
2821;103;33.2
2822;103;33.2
2823;103;33.2
2824;103;33.2
2825;104;33.2
2826;104;33.2
2827;105;33.2
2828;105;33.2
2829;105;33.2
2830;105;33.2
2831;105;33.2
2832;105;33.2
2833;104;33.2
2834;103;33.2
2835;103;33.2
2836;103;33.2
2837;102;33.2
2838;102;33.2
2839;102;33.2
2840;102;33.2
2841;102;33.2
2842;102;33.2
2843;102;33.2
2844;101;33.2
2845;101;33.2
2846;101;33.2
2847;101;33.2
2848;100;33.2
2849;100;33.2
2850;100;33.2
2851;99;33.2
2852;99;33.2
2853;99;33.2
2854;99;33.2
2855;99;33.2
2856;99;33.2
2857;100;33.2
2858;100;33.2
2859;100;33.2
2860;100;33.2
2861;101;33.2
2862;101;33.2
2863;102;33.2
2864;101;33.2
2865;101;33.2
2866;101;33.2
2867;102;33.2
2868;102;33.2
2869;101;33.2
2870;101;33.2
2871;101;33.2
2872;102;33.2
2873;101;33.2
2874;101;33.2
2875;101;33.2
2876;100;33.2
2877;100;33.2
2878;100;33.2
2879;101;33.2
2880;101;33.2
2881;101;33.2
2882;101;33.2
2883;102;33.2
2884;102;33.2
2885;103;33.2
2886;103;33.2
2887;104;33.2
2888;104;33.2
2889;105;33.2
2890;106;33.2
2891;106;33.2
2892;107;33.2
2893;108;33.2
2894;108;33.2
2895;108;33.2
2896;108;33.2
2897;107;33.2
2898;106;33.2
2899;106;33.2
2900;105;33.2
2901;105;33.2
2902;104;33.2
2903;104;33.2
2904;104;33.2
2905;104;33.2
2906;104;33.2
2907;104;33.2
2908;104;33.2
2909;104;33.2
2910;101;33.2
2911;101;33.2
2912;101;33.2
2913;101;33.2
2914;100;33.2
2915;100;33.2
2916;100;33.2
2917;103;33.2
2918;103;33.2
2919;103;33.2
2920;103;33.2
2921;103;33.2
2922;103;33.2
2923;104;33.2
2924;103;33.2
2925;103;33.2
2926;103;33.2
2927;103;33.2
2928;103;33.2
2929;103;33.2
2930;103;33.2
2931;107;33.3
2932;117;33.3
2933;124;33.2
2934;122;33.3
2935;124;33.3
2936;124;33.3
2937;123;33.3
2938;121;33.3
2939;117;33.3
2940;106;33.3
2941;100;33.3
2942;99;33.3
2943;97;33.3
2944;97;33.3
2945;97;33.3
2946;98;33.3
2947;97;33.3
2948;97;33.2
2949;96;33.2
2950;96;33.3
2951;96;33.3
2952;96;33.3
2953;97;33.3
2954;97;33.3
2955;97;33.3
2956;98;33.3
2957;99;33.3
2958;99;33.3
2959;98;33.3
2960;97;33.3
2961;96;33.3
2962;96;33.3
2963;96;33.3
2964;95;33.3
2965;95;33.3
2966;96;33.3
2967;97;33.3
2968;98;33.3
2969;99;33.3
2970;98;33.3
2971;99;33.3
2972;98;33.3
2973;98;33.3
2974;97;33.3
2975;97;33.3
2976;96;33.3
2977;96;33.3
2978;96;33.3
2979;96;33.3
2980;96;33.3
2981;96;33.3
2982;97;33.3
2983;96;33.3
2984;96;33.3
2985;95;33.3
2986;95;33.3
2987;95;33.3
2988;96;33.3
2989;96;33.3
2990;96;33.3
2991;96;33.3
2992;97;33.3
2993;98;33.3
2994;97;33.3
2995;97;33.3
2996;97;33.3
2997;97;33.3
2998;97;33.3
2999;97;33.3
3000;97;33.3
3001;96;33.3
3002;97;33.3
3003;97;33.3
3004;97;33.3
3005;97;33.3
3006;97;33.3
3007;97;33.3
3008;97;33.3
3009;97;33.3
3010;98;33.3
3011;99;33.3
3012;99;33.3
3013;99;33.3
3014;100;33.3
3015;100;33.3
3016;100;33.3
3017;99;33.3
3018;99;33.4
3019;98;33.3
3020;98;33.3
3021;98;33.4
3022;97;33.4
3023;98;33.3
3024;97;33.4
3025;97;33.3
3026;97;33.3
3027;98;33.3
3028;98;33.4
3029;99;33.4
3030;99;33.4
3031;99;33.3
3032;99;33.4
3033;100;33.3
3034;100;33.4
3035;101;33.4
3036;101;33.4
3037;101;33.4
3038;101;33.4
3039;101;33.4
3040;101;33.4
3041;102;33.4
3042;101;33.4
3043;101;33.4
3044;100;33.4
3045;100;33.4
3046;100;33.4
3047;100;33.4
3048;100;33.4
3049;100;33.4
3050;99;33.4
3051;100;33.4
3052;100;33.4
3053;100;33.4
3054;100;33.4
3055;100;33.4
3056;101;33.4
3057;101;33.4
3058;102;33.4
3059;102;33.4
3060;103;33.4
3061;103;33.4
3062;103;33.4
3063;103;33.4
3064;103;33.4
3065;103;33.4
3066;103;33.4
3067;103;33.4
3068;102;33.4
3069;102;33.4
3070;102;33.4
3071;102;33.4
3072;102;33.4
3073;102;33.4
3074;102;33.4
3075;103;33.4
3076;103;33.4
3077;103;33.4
3078;103;33.4
3079;103;33.4
3080;103;33.4
3081;104;33.4
3082;104;33.4
3083;104;33.4
3084;103;33.4
3085;103;33.4
3086;104;33.4
3087;103;33.4
3088;103;33.4
3089;103;33.4
3090;103;33.4
3091;103;33.4
3092;104;33.4
3093;104;33.4
3094;104;33.4
3095;104;33.4
3096;104;33.4
3097;103;33.4
3098;103;33.4
3099;103;33.4
3100;103;33.4
3101;103;33.4
3102;103;33.4
3103;103;33.4
3104;103;33.4
3105;103;33.4
3106;103;33.4
3107;104;33.4
3108;104;33.4
3109;104;33.4
3110;104;33.4
3111;104;33.4
3112;104;33.4
3113;105;33.4
3114;105;33.4
3115;105;33.4
3116;104;33.4
3117;104;33.4
3118;104;33.4
3119;104;33.4
3120;103;33.4
3121;102;33.4
3122;101;33.4
3123;101;33.4
3124;101;33.4
3125;100;33.4
3126;100;33.4
3127;100;33.4
3128;101;33.4
3129;102;33.4
3130;102;33.4
3131;103;33.4
3132;104;33.4
3133;105;33.4
3134;105;33.4
3135;105;33.4
3136;105;33.4
3137;106;33.4
3138;106;33.4
3139;105;33.4
3140;104;33.4
3141;104;33.4
3142;103;33.4
3143;103;33.4
3144;102;33.4
3145;102;33.4
3146;102;33.4
3147;102;33.4
3148;102;33.4
3149;102;33.4
3150;102;33.4
3151;102;33.4
3152;102;33.4
3153;102;33.4
3154;102;33.4
3155;102;33.4
3156;102;33.4
3157;102;33.4
3158;102;33.4
3159;102;33.4
3160;102;33.4
3161;102;33.4
3162;102;33.4
3163;101;33.4
3164;100;33.4
3165;100;33.4
3166;100;33.4
3167;99;33.4
3168;98;33.4
3169;98;33.4
3170;98;33.4
3171;98;33.4
3172;98;33.4
3173;99;33.4
3174;99;33.4
3175;99;33.4
3176;99;33.4
3177;99;33.4
3178;99;33.4
3179;100;33.4
3180;100;33.4
3181;99;33.4
3182;100;33.4
3183;99;33.4
3184;99;33.4
3185;99;33.4
3186;99;33.4
3187;98;33.4
3188;99;33.4
3189;99;33.4
3190;99;33.4
3191;99;33.4
3192;100;33.4
3193;99;33.4
3194;98;33.4
3195;98;33.4
3196;97;33.4
3197;96;33.4
3198;95;33.4
3199;95;33.4
3200;95;33.4
3201;95;33.4
3202;94;33.4
3203;94;33.5
3204;94;33.4
3205;94;33.5
3206;94;33.4
3207;94;33.4
3208;95;33.5
3209;95;33.5
3210;95;33.5
3211;96;33.4
3212;95;33.4
3213;95;33.5
3214;95;33.5
3215;94;33.5
3216;93;33.4
3217;93;33.4
3218;93;33.5
3219;93;33.5
3220;94;33.5
3221;93;33.5
3222;93;33.5
3223;92;33.5
3224;92;33.5
3225;91;33.5
3226;91;33.5
3227;91;33.5
3228;91;33.5
3229;90;33.5
3230;90;33.5
3231;92;33.5
3232;92;33.5
3233;92;33.5
3234;92;33.5
3235;91;33.5
3236;92;33.5
3237;93;33.5
3238;93;33.5
3239;92;33.5
3240;93;33.5
3241;93;33.5
3242;92;33.5
3243;92;33.5
3244;93;33.5
3245;93;33.5
3246;93;33.5
3247;94;33.5
3248;93;33.5
3249;94;33.5
3250;95;33.5
3251;95;33.5
3252;95;33.5
3253;95;33.5
3254;95;33.5
3255;95;33.5
3256;95;33.5
3257;96;33.5
3258;96;33.5
3259;96;33.5
3260;96;33.5
3261;96;33.5
3262;96;33.5
3263;96;33.5
3264;97;33.5
3265;97;33.5
3266;98;33.5
3267;97;33.5
3268;97;33.5
3269;98;33.5
3270;99;33.5
3271;99;33.5
3272;99;33.5
3273;100;33.5
3274;100;33.5
3275;101;33.5
3276;101;33.5
3277;101;33.5
3278;100;33.5
3279;101;33.5
3280;101;33.5
3281;100;33.5
3282;101;33.5
3283;101;33.5
3284;101;33.5
3285;102;33.5
3286;102;33.5
3287;103;33.5
3288;103;33.5
3289;103;33.5
3290;104;33.5
3291;104;33.5
3292;104;33.5
3293;104;33.5
3294;104;33.5
3295;105;33.5
3296;105;33.5
3297;106;33.5
3298;106;33.5
3299;107;33.5
3300;107;33.5
3301;108;33.5
3302;108;33.5
3303;108;33.5
3304;108;33.6
3305;107;33.5
3306;106;33.5
3307;105;33.5
3308;104;33.5
3309;104;33.6
3310;104;33.5
3311;103;33.5
3312;103;33.6
3313;103;33.5
3314;103;33.6
3315;104;33.5
3316;104;33.5
3317;104;33.5
3318;104;33.6
3319;104;33.5
3320;104;33.6
3321;104;33.5
3322;103;33.6
3323;102;33.6
3324;102;33.5
3325;101;33.6
3326;101;33.6
3327;100;33.6
3328;100;33.5
3329;100;33.6
3330;101;33.6
3331;103;33.6
3332;103;33.6
3333;104;33.6
3334;104;33.6
3335;105;33.5
3336;105;33.6
3337;105;33.6
3338;105;33.6
3339;105;33.6
3340;105;33.6
3341;105;33.6
3342;105;33.6
3343;105;33.6
3344;105;33.6
3345;105;33.6
3346;105;33.6
3347;105;33.6
3348;104;33.6
3349;103;33.6
3350;104;33.6
3351;104;33.6
3352;105;33.6
3353;105;33.6
3354;105;33.6
3355;105;33.6
3356;105;33.6
3357;104;33.6
3358;104;33.6
3359;103;33.6
3360;103;33.6
3361;103;33.6
3362;103;33.6
3363;102;33.6
3364;103;33.6
3365;104;33.6
3366;104;33.6
3367;104;33.6
3368;104;33.6
3369;104;33.6
3370;104;33.6
3371;104;33.6
3372;104;33.6
3373;103;33.6
3374;102;33.6
3375;101;33.6
3376;100;33.6
3377;100;33.6
3378;99;33.6
3379;99;33.6
3380;98;33.6
3381;99;33.6
3382;99;33.6
3383;99;33.6
3384;99;33.6
3385;99;33.6
3386;99;33.6
3387;99;33.6
3388;99;33.6
3389;98;33.6
3390;98;33.6
3391;98;33.6
3392;97;33.6
3393;97;33.6
3394;96;33.6
3395;96;33.6
3396;96;33.6
3397;96;33.6
3398;97;33.6
3399;97;33.6
3400;97;33.6
3401;97;33.6
3402;98;33.6
3403;98;33.6
3404;98;33.6
3405;98;33.6
3406;98;33.6
3407;98;33.6
3408;98;33.6
3409;97;33.6
3410;97;33.6
3411;97;33.6
3412;96;33.6
3413;96;33.6
3414;95;33.6
3415;95;33.6
3416;96;33.6
3417;97;33.6
3418;97;33.6
3419;98;33.6
3420;98;33.6
3421;98;33.6
3422;99;33.6
3423;99;33.6
3424;99;33.6
3425;100;33.6
3426;100;33.6
3427;100;33.6
3428;100;33.6
3429;100;33.6
3430;100;33.6
3431;100;33.6
3432;100;33.6
3433;99;33.6
3434;100;33.6
3435;100;33.6
3436;100;33.6
3437;101;33.6
3438;101;33.6
3439;101;33.6
3440;102;33.6
3441;103;33.6
3442;103;33.6
3443;104;33.6
3444;104;33.6
3445;105;33.6
3446;105;33.6
3447;105;33.6
3448;105;33.6
3449;104;33.6
3450;104;33.6
3451;105;33.6
3452;105;33.6
3453;105;33.6
3454;106;33.6
3455;106;33.6
3456;107;33.6
3457;107;33.6
3458;107;33.6
3459;108;33.6
3460;107;33.6
3461;107;33.6
3462;107;33.6
3463;107;33.6
3464;107;33.6
3465;107;33.6
3466;107;33.6
3467;106;33.6
3468;106;33.6
3469;106;33.6
3470;102;33.6
3471;103;33.6
3472;103;33.6
3473;103;33.6
3474;103;33.6
3475;103;33.6
3476;103;33.6
3477;103;33.6
3478;105;33.6
3479;105;33.6
3480;105;33.6
3481;104;33.6
3482;103;33.6
3483;103;33.6
3484;103;33.6
3485;102;33.6
3486;103;33.6
3487;102;33.6
3488;102;33.6
3489;102;33.6
3490;102;33.6
3491;102;33.6
3492;102;33.6
3493;102;33.6
3494;101;33.6
3495;102;33.6
3496;102;33.6
3497;101;33.6
3498;100;33.6
3499;100;33.6
3500;99;33.6
3501;99;33.6
3502;98;33.6
3503;98;33.7
3504;98;33.6
3505;99;33.6
3506;100;33.6
3507;100;33.6
3508;100;33.6
3509;100;33.6
3510;99;33.6
3511;99;33.6
3512;99;33.6
3513;98;33.6
3514;98;33.6
3515;98;33.6
3516;98;33.6
3517;98;33.6
3518;99;33.6
3519;99;33.6
3520;99;33.6
3521;99;33.6
3522;97;33.7
3523;97;33.6
3524;97;33.6
3525;96;33.6
3526;95;33.6
3527;94;33.6
3528;94;33.6
3529;94;33.6
3530;95;33.7
3531;95;33.6
3532;95;33.7
3533;95;33.7
3534;95;33.7
3535;95;33.6
3536;94;33.7
3537;94;33.7
3538;93;33.6
3539;92;33.6
3540;91;33.7
3541;92;33.6
3542;91;33.7
3543;91;33.7
3544;91;33.7
3545;91;33.6
3546;91;33.6
3547;91;33.7
3548;91;33.7
3549;91;33.7
3550;90;33.7
3551;91;33.7
3552;91;33.7
3553;90;33.7
3554;90;33.7
3555;90;33.7
3556;91;33.7
3557;90;33.7
3558;90;33.7
3559;91;33.7
3560;91;33.6
3561;91;33.7
3562;92;33.7
3563;92;33.7
3564;93;33.7
3565;93;33.7
3566;94;33.7
3567;93;33.7
3568;94;33.7
3569;94;33.7
3570;95;33.7
3571;95;33.7
3572;95;33.7
3573;96;33.7
3574;96;33.7
3575;96;33.7
3576;96;33.7
3577;96;33.7
3578;96;33.7
3579;96;33.7
3580;96;33.7
3581;96;33.7
3582;97;33.7
3583;98;33.7
3584;97;33.7
3585;97;33.7
3586;98;33.7
3587;98;33.7
3588;99;33.7
3589;98;33.7
3590;98;33.7
3591;98;33.7
3592;98;33.7
3593;98;33.7
3594;98;33.7
3595;97;33.7
3596;97;33.7
3597;97;33.7
3598;98;33.7
3599;98;33.7
3600;98;33.7
3601;99;33.7
3602;99;33.7
3603;99;33.7
3604;100;33.7
3605;100;33.7
3606;100;33.7
3607;100;33.7
3608;100;33.7
3609;101;33.7
3610;101;33.7
3611;101;33.7
3612;101;33.7
3613;101;33.7
3614;102;33.7
3615;101;33.7
3616;102;33.7
3617;101;33.7
3618;100;33.7
3619;100;33.7
3620;100;33.7
3621;100;33.7
3622;100;33.7
3623;100;33.7
3624;100;33.7
3625;101;33.7
3626;101;33.7
3627;101;33.7
3628;101;33.7
3629;102;33.7
3630;102;33.7
3631;102;33.7
3632;102;33.7
3633;102;33.7
3634;102;33.7
3635;102;33.7
3636;102;33.7
3637;101;33.7
3638;100;33.7
3639;100;33.7
3640;100;33.7
3641;99;33.7
3642;99;33.7
3643;99;33.7
3644;98;33.7
3645;98;33.7
3646;98;33.7
3647;98;33.7
3648;98;33.7
3649;98;33.7
3650;98;33.7
3651;98;33.7
3652;98;33.7
3653;98;33.7
3654;98;33.7
3655;98;33.7
3656;98;33.7
3657;98;33.7
3658;98;33.7
3659;98;33.7
3660;98;33.7
3661;99;33.7
3662;98;33.7
3663;98;33.7
3664;97;33.7
3665;98;33.7
3666;97;33.7
3667;98;33.7
3668;98;33.7
3669;98;33.7
3670;98;33.7
3671;98;33.7
3672;98;33.7
3673;98;33.7
3674;98;33.7
3675;97;33.7
3676;97;33.7
3677;96;33.7
3678;96;33.7
3679;96;33.7
3680;96;33.7
3681;96;33.7
3682;96;33.7
3683;96;33.7
3684;97;33.7
3685;97;33.7
3686;97;33.7
3687;97;33.7
3688;97;33.8
3689;97;33.7
3690;97;33.7
3691;97;33.8
3692;97;33.8
3693;98;33.7
3694;98;33.8
3695;99;33.7
3696;99;33.7
3697;100;33.8
3698;100;33.8
3699;100;33.8
3700;101;33.7
3701;101;33.8
3702;102;33.8
3703;103;33.8
3704;104;33.7
3705;104;33.8
3706;104;33.8
3707;104;33.7
3708;104;33.8
3709;104;33.8
3710;104;33.7
3711;103;33.8
3712;102;33.8
3713;102;33.8
3714;102;33.8
3715;101;33.8
3716;101;33.8
3717;100;33.8
3718;99;33.8
3719;99;33.8
3720;99;33.8
3721;99;33.8
3722;98;33.8
3723;97;33.8
3724;97;33.8
3725;97;33.8
3726;96;33.8
3727;96;33.8
3728;96;33.8
3729;96;33.7
3730;96;33.8
3731;96;33.8
3732;96;33.8
3733;96;33.8
3734;95;33.8
3735;95;33.8
3736;95;33.8
3737;94;33.8
3738;94;33.8
3739;94;33.8
3740;94;33.8
3741;94;33.8
3742;95;33.8
3743;95;33.8
3744;95;33.8
3745;95;33.8
3746;95;33.8
3747;95;33.8
3748;96;33.8
3749;96;33.8
3750;96;33.8
3751;95;33.8
3752;95;33.8
3753;94;33.8
3754;94;33.8
3755;94;33.8
3756;93;33.8
3757;93;33.8
3758;93;33.8
3759;93;33.8
3760;93;33.8
3761;93;33.8
3762;94;33.8
3763;94;33.8
3764;95;33.8
3765;95;33.8
3766;94;33.8
3767;95;33.8
3768;94;33.8
3769;94;33.8
3770;93;33.8
3771;93;33.8
3772;92;33.8
3773;93;33.8
3774;93;33.8
3775;93;33.8
3776;93;33.8
3777;93;33.8
3778;93;33.8
3779;93;33.8
3780;93;33.8
3781;93;33.8
3782;93;33.8
3783;93;33.8
3784;93;33.8
3785;94;33.8
3786;94;33.8
3787;94;33.8
3788;94;33.8
3789;94;33.8
3790;93;33.8
3791;93;33.8
3792;93;33.8
3793;93;33.8
3794;93;33.8
3795;93;33.8
3796;93;33.8
3797;92;33.8
3798;92;33.8
3799;92;33.8
3800;92;33.8
3801;92;33.8
3802;92;33.8
3803;92;33.8
3804;92;33.8
3805;93;33.8
3806;93;33.8
3807;93;33.8
3808;94;33.8
3809;94;33.8
3810;94;33.8
3811;94;33.8
3812;94;33.8
3813;93;33.8
3814;93;33.8
3815;93;33.8
3816;92;33.8
3817;93;33.8
3818;93;33.8
3819;93;33.8
3820;94;33.8
3821;95;33.8
3822;95;33.8
3823;96;33.8
3824;97;33.8
3825;96;33.8
3826;97;33.8
3827;97;33.8
3828;97;33.8
3829;96;33.8
3830;96;33.8
3831;96;33.8
3832;95;33.8
3833;95;33.8
3834;95;33.8
3835;94;33.8
3836;94;33.8
3837;94;33.8
3838;95;33.8
3839;95;33.8
3840;95;33.8
3841;96;33.8
3842;96;33.8
3843;96;33.8
3844;97;33.8
3845;97;33.8
3846;97;33.8
3847;97;33.8
3848;97;33.8
3849;97;33.8
3850;97;33.8
3851;97;33.8
3852;96;33.8
3853;97;33.8
3854;97;33.8
3855;97;33.8
3856;98;33.8
3857;98;33.8
3858;99;33.8
3859;99;33.8
3860;100;33.8
3861;99;33.8
3862;99;33.8
3863;99;33.8
3864;99;33.8
3865;99;33.8
3866;98;33.8
3867;98;33.8
3868;98;33.8
3869;98;33.8
3870;98;33.8
3871;98;33.8
3872;98;33.8
3873;98;33.8
3874;99;33.8
3875;99;33.8
3876;99;33.8
3877;99;33.8
3878;100;33.8
3879;100;33.8
3880;100;33.8
3881;100;33.8
3882;100;33.8
3883;101;33.8
3884;101;33.8
3885;100;33.8
3886;100;33.8
3887;99;33.8
3888;99;33.8
3889;99;33.8
3890;99;33.8
3891;98;33.8
3892;98;33.8
3893;98;33.8
3894;98;33.8
3895;98;33.8
3896;99;33.8
3897;99;33.8
3898;100;33.8
3899;100;33.8
3900;100;33.8
3901;101;33.8
3902;102;33.8
3903;102;33.8
3904;101;33.8
3905;101;33.8
3906;101;33.8
3907;101;33.8
3908;101;33.8
3909;100;33.8
3910;100;33.8
3911;100;33.8
3912;101;33.8
3913;100;33.8
3914;100;33.8
3915;100;33.8
3916;100;33.8
3917;100;33.8
3918;100;33.8
3919;100;33.8
3920;98;33.8
3921;98;33.8
3922;98;33.8
3923;97;33.8
3924;97;33.9
3925;97;33.8
3926;97;33.8
3927;97;33.8
3928;98;33.8
3929;98;33.8
3930;98;33.8
3931;98;33.8
3932;98;33.8
3933;98;33.8
3934;98;33.8
3935;97;33.8
3936;96;33.8
3937;96;33.8
3938;97;33.8
3939;96;33.8
3940;97;33.8
3941;97;33.8
3942;97;33.8
3943;98;33.8
3944;98;33.8
3945;98;33.8
3946;98;33.8
3947;98;33.8
3948;98;33.8
3949;98;33.8
3950;98;33.8
3951;98;33.8
3952;98;33.8
3953;97;33.8
3954;98;33.8
3955;99;33.8
3956;100;33.9
3957;101;33.9
3958;101;33.8
3959;101;33.8
3960;103;33.9
3961;103;33.9
3962;103;33.8
3963;103;33.8
3964;103;33.9
3965;101;33.8
3966;101;33.8
3967;101;33.9
3968;102;33.9
3969;102;33.8
3970;102;33.8
3971;102;33.9
3972;102;33.9
3973;103;33.9
3974;102;33.9
3975;102;33.8
3976;102;33.8
3977;101;33.8
3978;101;33.9
3979;101;33.9
3980;101;33.9
3981;101;33.9
3982;102;33.9
3983;102;33.9
3984;102;33.9
3985;101;33.9
3986;101;33.8
3987;100;33.8
3988;99;33.9
3989;99;33.8
3990;99;33.9
3991;98;33.9
3992;98;33.9
3993;98;33.9
3994;98;33.9
3995;98;33.9
3996;97;33.9
3997;96;33.9
3998;95;33.9
3999;96;33.9
4000;95;33.9
4001;95;33.9
4002;95;33.9
4003;94;33.9
4004;94;33.9
4005;95;33.9
4006;95;33.9
4007;95;33.9
4008;94;33.9
4009;94;33.9
4010;94;33.9
4011;93;33.9
4012;93;33.9
4013;93;33.9
4014;93;33.9
4015;92;33.9
4016;92;33.9
4017;92;33.9
4018;92;33.9
4019;92;33.9
4020;91;33.9
4021;91;33.9
4022;90;33.9
4023;90;33.9
4024;90;33.9
4025;88;33.9
4026;88;33.9
4027;87;33.9
4028;87;33.9
4029;87;33.9
4030;87;33.9
4031;86;33.9
4032;85;33.9
4033;85;33.9
4034;84;33.9
4035;84;33.9
4036;84;33.9
4037;84;33.9
4038;83;33.9
4039;83;33.9
4040;83;33.9
4041;84;33.9
4042;83;33.9
4043;83;33.9
4044;83;33.9
4045;82;33.9
4046;82;33.9
4047;82;33.9
4048;81;33.9
4049;81;33.9
4050;82;33.9
4051;82;33.9
4052;81;33.9
4053;83;33.9
4054;82;33.9
4055;82;33.9
4056;83;33.9
4057;83;33.9
4058;84;33.9
4059;84;33.9
4060;86;33.9
4061;86;33.9
4062;87;33.9
4063;88;33.9
4064;89;33.9
4065;89;33.9
4066;90;33.9
4067;90;33.9
4068;91;33.9
4069;91;33.9
4070;92;33.9
4071;92;33.9
4072;93;33.9
4073;93;33.9
4074;94;33.9
4075;93;33.9
4076;93;33.9
4077;94;33.9
4078;94;33.9
4079;94;33.9
4080;95;33.9
4081;95;33.9
4082;95;33.9
4083;95;33.9
4084;96;33.9
4085;96;33.9
4086;97;33.9
4087;97;33.9
4088;97;33.9
4089;98;33.9
4090;99;33.9
4091;99;33.9
4092;99;33.9
4093;99;33.9
4094;99;33.9
4095;98;33.9
4096;98;33.9
4097;98;33.9
4098;98;33.9
4099;98;33.9
4100;98;33.9
4101;98;33.9
4102;99;33.9
4103;99;33.9
4104;100;33.9
4105;100;33.9
4106;100;33.9
4107;101;33.9
4108;100;33.9
4109;100;33.9
4110;100;33.9
4111;100;33.9
4112;100;33.9
4113;99;33.9
4114;99;33.9
4115;99;33.9
4116;99;33.9
4117;99;33.9
4118;99;33.9
4119;100;33.9
4120;99;33.9
4121;99;33.9
4122;99;33.9
4123;99;33.9
4124;98;33.9
4125;98;33.9
4126;98;33.9
4127;97;33.9
4128;98;33.9
4129;98;33.9
4130;98;33.9
4131;98;33.9
4132;98;33.9
4133;98;33.9
4134;99;33.9
4135;99;33.9
4136;99;33.9
4137;99;33.9
4138;98;33.9
4139;98;33.9
4140;99;33.9
4141;98;34.0
4142;98;33.9
4143;98;33.9
4144;98;33.9
4145;98;33.9
4146;98;33.9
4147;98;33.9
4148;98;33.9
4149;98;33.9
4150;98;33.9
4151;98;34.0
4152;97;34.0
4153;97;33.9
4154;97;34.0
4155;96;33.9
4156;96;34.0
4157;96;33.9
4158;96;33.9
4159;96;34.0
4160;97;34.0
4161;97;34.0
4162;98;34.0
4163;98;34.0
4164;98;33.9
4165;98;34.0
4166;98;34.0
4167;98;34.0
4168;98;34.0
4169;98;34.0
4170;98;34.0
4171;99;33.9
4172;99;33.9
4173;99;34.0
4174;100;34.0
4175;100;34.0
4176;100;34.0
4177;100;34.0
4178;100;33.9
4179;99;34.0
4180;99;33.9
4181;99;34.0
4182;98;34.0
4183;97;34.0
4184;97;34.0
4185;97;34.0
4186;97;34.0
4187;97;34.0
4188;97;34.0
4189;97;34.0
4190;98;34.0
4191;98;34.0
4192;98;34.0
4193;99;34.0
4194;98;34.0
4195;99;34.0
4196;98;34.0
4197;98;34.0
4198;98;34.0
4199;97;34.0
4200;97;34.0
4201;96;34.0
4202;96;34.0
4203;96;34.0
4204;96;34.0
4205;96;34.0
4206;96;34.0
4207;96;34.0
4208;97;34.0
4209;97;34.0
4210;97;34.0
4211;97;34.0
4212;97;34.0
4213;97;34.0
4214;98;34.0
4215;99;34.0
4216;99;34.0
4217;100;34.0
4218;101;34.0
4219;102;34.0
4220;103;34.0
4221;103;34.0
4222;104;34.0
4223;104;34.0
4224;103;34.0
4225;102;34.0
4226;102;34.0
4227;101;34.0
4228;100;34.0
4229;99;34.0
4230;99;34.0
4231;99;34.0
4232;98;34.0
4233;98;34.0
4234;98;34.0
4235;98;34.0
4236;98;34.0
4237;98;34.0
4238;97;34.0
4239;97;34.0
4240;96;34.0
4241;95;34.0
4242;95;34.0
4243;96;34.0
4244;96;34.0
4245;96;34.0
4246;96;34.0
4247;96;34.0
4248;96;34.0
4249;95;34.0
4250;94;34.0
4251;93;34.0
4252;93;34.0
4253;93;34.0
4254;93;34.0
4255;94;34.0
4256;95;34.0
4257;95;34.0
4258;96;34.0
4259;96;34.0
4260;96;34.0
4261;96;34.0
4262;96;34.0
4263;96;34.0
4264;96;34.0
4265;96;34.0
4266;97;34.0
4267;97;34.0
4268;97;34.0
4269;98;34.0
4270;99;34.0
4271;100;34.0
4272;100;34.0
4273;100;34.0
4274;99;34.0
4275;100;34.0
4276;100;34.0
4277;100;34.0
4278;100;34.0
4279;100;34.0
4280;100;34.0
4281;100;34.0
4282;101;34.0
4283;101;34.0
4284;101;34.0
4285;100;34.0
4286;100;34.0
4287;99;34.0
4288;99;34.0
4289;99;34.0
4290;98;34.0
4291;98;34.0
4292;97;34.0
4293;97;34.0
4294;96;34.0
4295;96;34.0
4296;96;34.0
4297;96;34.0
4298;96;34.0
4299;95;34.0
4300;95;34.0
4301;96;34.0
4302;95;34.0
4303;95;34.0
4304;94;34.0
4305;93;34.0
4306;93;34.0
4307;93;34.0
4308;93;34.0
4309;92;34.0
4310;91;34.0
4311;90;34.0
4312;90;34.0
4313;90;34.0
4314;90;34.0
4315;89;34.0
4316;89;34.0
4317;88;34.0
4318;89;34.0
4319;89;34.0
4320;89;34.0
4321;88;34.0
4322;89;34.0
4323;89;34.0
4324;89;34.0
4325;90;34.0
4326;90;34.0
4327;90;34.0
4328;90;34.0
4329;91;34.0
4330;91;34.0
4331;91;34.0
4332;91;34.0
4333;91;34.0
4334;91;34.0
4335;91;34.0
4336;91;34.0
4337;90;34.0
4338;90;34.0
4339;90;34.0
4340;90;34.0
4341;91;34.0
4342;90;34.0
4343;90;34.0
4344;90;34.0
4345;90;34.0
4346;90;34.0
4347;91;34.0
4348;91;34.0
4349;91;34.0
4350;91;34.0
4351;91;34.0
4352;91;34.0
4353;92;34.0
4354;93;34.0
4355;92;34.0
4356;93;34.0
4357;93;34.0
4358;94;34.0
4359;95;34.0
4360;95;34.0
4361;96;34.0
4362;97;34.0
4363;98;34.0
4364;99;34.0
4365;99;34.0
4366;99;34.0
4367;99;34.0
4368;99;34.0
4369;100;34.0
4370;100;34.0
4371;100;34.0
4372;100;34.0
4373;100;34.0
4374;100;34.0
4375;100;34.0
4376;100;34.0
4377;100;34.0
4378;100;34.0
4379;100;34.0
4380;100;34.0
4381;101;34.0
4382;101;34.0
4383;102;34.0
4384;102;34.0
4385;102;34.0
4386;102;34.0
4387;102;34.0
4388;102;34.0
4389;101;34.0
4390;100;34.0
4391;99;34.0
4392;98;34.0
4393;97;34.0
4394;96;34.0
4395;95;34.0
4396;94;34.0
4397;93;34.0
4398;93;34.0
4399;92;34.0
4400;92;34.0
4401;91;34.0
4402;91;34.0
4403;91;34.0
4404;91;34.0
4405;91;34.0
4406;91;34.0
4407;92;34.0
4408;92;34.0
4409;92;34.0
4410;92;34.0
4411;93;34.0
4412;94;34.0
4413;94;34.0
4414;93;34.0
4415;93;34.0
4416;94;34.0
4417;94;34.0
4418;94;34.0
4419;94;34.0
4420;95;34.0
4421;95;34.0
4422;95;34.0
4423;96;34.0
4424;95;34.0
4425;96;34.0
4426;96;34.0
4427;96;34.0
4428;95;34.0
4429;96;34.0
4430;95;34.0
4431;96;34.0
4432;96;34.0
4433;96;34.0
4434;96;34.0
4435;96;34.0
4436;97;34.0
4437;97;34.0
4438;97;34.0
4439;97;34.0
4440;98;34.0
4441;98;34.0
4442;98;34.0
4443;98;34.0
4444;98;34.0
4445;98;34.0
4446;98;34.0
4447;98;34.0
4448;97;34.1
4449;97;34.0
4450;97;34.0
4451;98;34.0
4452;98;34.0
4453;98;34.0
4454;98;34.0
4455;98;34.0
4456;98;34.0
4457;98;34.0
4458;98;34.0
4459;98;34.0
4460;97;34.0
4461;98;34.0
4462;98;34.0
4463;98;34.0
4464;98;34.0
4465;99;34.0
4466;99;34.0
4467;99;34.0
4468;99;34.0
4469;98;34.0
4470;99;34.0
4471;99;34.0
4472;99;34.0
4473;99;34.0
4474;99;34.0
4475;99;34.0
4476;99;34.0
4477;99;34.0
4478;99;34.0
4479;99;34.0
4480;99;34.0
4481;99;34.0
4482;99;34.0
4483;99;34.0
4484;99;34.0
4485;98;34.0
4486;97;34.0
4487;98;34.0
4488;98;34.0
4489;97;34.0
4490;98;34.0
4491;97;34.0
4492;97;34.0
4493;97;34.0
4494;96;34.0
4495;94;34.0
4496;94;34.1
4497;93;34.0
4498;93;34.1
4499;92;34.0
4500;92;34.1
4501;92;34.1
4502;92;34.1
4503;93;34.0
4504;93;34.0
4505;94;34.0
4506;94;34.1
4507;94;34.0
4508;94;34.0
4509;94;34.0
4510;94;34.1
4511;93;34.0
4512;92;34.1
4513;92;34.0
4514;91;34.0
4515;91;34.0
4516;90;34.1
4517;90;34.0
4518;90;34.1
4519;90;34.1
4520;90;34.1
4521;90;34.0
4522;90;34.1
4523;90;34.1
4524;90;34.1
4525;90;34.1
4526;90;34.1
4527;89;34.1
4528;89;34.1
4529;89;34.1
4530;90;34.1
4531;89;34.1
4532;89;34.1
4533;90;34.0
4534;89;34.1
4535;90;34.1
4536;89;34.1
4537;89;34.1
4538;89;34.1
4539;89;34.1
4540;90;34.0
4541;90;34.1
4542;90;34.1
4543;90;34.1
4544;91;34.1
4545;91;34.1
4546;92;34.1
4547;92;34.1
4548;92;34.1
4549;91;34.1
4550;92;34.1
4551;92;34.1
4552;92;34.1
4553;92;34.1
4554;93;34.1
4555;93;34.1
4556;94;34.1
4557;94;34.1
4558;94;34.1
4559;95;34.1
4560;96;34.1
4561;97;34.1
4562;97;34.1
4563;98;34.1
4564;98;34.1
4565;97;34.1
4566;97;34.1
4567;97;34.1
4568;97;34.1
4569;96;34.1
4570;97;34.1
4571;97;34.1
4572;97;34.1
4573;97;34.1
4574;97;34.1
4575;98;34.1
4576;98;34.1
4577;99;34.1
4578;99;34.1
4579;99;34.1
4580;99;34.1
4581;100;34.1
4582;100;34.1
4583;100;34.1
4584;99;34.1
4585;0;0.0
